Sample	100	101	102	103	104	105	106	107	108	109	110	111	112	113	114	115	116	117	118	119	120	121	122	123	124	125	126
Sample_IPO3916_A10_R1_val_1	9396.0	9617.0	9914.0	10419.0	10383.0	10842.0	11279.0	11433.0	11963.0	12537.0	13583.0	14323.0	15160.0	16175.0	17514.0	19243.0	21252.0	24318.0	28859.0	35161.0	45869.0	64950.0	114326.0	236114.0	670869.0	1831340.0	5596824.0
Sample_IPO3916_A10_R2_val_2	12205.0	12831.0	13269.0	13765.0	14170.0	14615.0	15280.0	15864.0	16791.0	17522.0	18791.0	19873.0	21964.0	23638.0	26075.0	28588.0	32623.0	37045.0	42040.0	51298.0	66746.0	93071.0	153218.0	291771.0	746685.0	1903165.0	5170760.0
Sample_IPO3916_A11_R1_val_1	7577.0	7694.0	7902.0	7901.0	8242.0	8131.0	8527.0	8826.0	9054.0	9453.0	9585.0	9861.0	10395.0	11154.0	11734.0	12509.0	13546.0	15006.0	17486.0	20310.0	25838.0	34777.0	56318.0	105789.0	272883.0	692874.0	2066977.0
Sample_IPO3916_A11_R2_val_2	7766.0	7883.0	8011.0	8103.0	8599.0	8250.0	8833.0	8972.0	9183.0	9585.0	9822.0	10145.0	10652.0	11525.0	12098.0	12800.0	14273.0	15831.0	17429.0	20924.0	26015.0	34990.0	56086.0	108664.0	278057.0	718679.0	2027174.0
Sample_IPO3916_A12_R1_val_1	8663.0	9052.0	9083.0	9580.0	9817.0	9926.0	10477.0	11188.0	11355.0	12201.0	12807.0	12840.0	13689.0	15219.0	16128.0	18029.0	19889.0	22347.0	25815.0	32914.0	40725.0	56943.0	92779.0	173652.0	449768.0	1198363.0	3432187.0
Sample_IPO3916_A12_R2_val_2	9047.0	9161.0	9311.0	9685.0	9977.0	10236.0	10601.0	11011.0	11612.0	12189.0	12787.0	13443.0	14319.0	15444.0	16825.0	18553.0	20867.0	23773.0	26518.0	32895.0	42017.0	58976.0	97161.0	182270.0	468446.0	1251553.0	3336759.0
Sample_IPO3916_A1_R1_val_1	54846.0	55399.0	55100.0	56035.0	57194.0	57576.0	58306.0	59522.0	60061.0	61485.0	61974.0	63982.0	65365.0	67909.0	70171.0	71904.0	75881.0	79923.0	86787.0	97048.0	112180.0	139687.0	202338.0	343719.0	811773.0	2070010.0	6237336.0
Sample_IPO3916_A1_R2_val_2	54901.0	55593.0	55577.0	56320.0	57424.0	57938.0	58337.0	59216.0	59686.0	61598.0	61727.0	64179.0	65955.0	68281.0	70781.0	72694.0	75780.0	81414.0	86295.0	96019.0	111071.0	141236.0	203606.0	354853.0	823186.0	2147254.0	6132590.0
Sample_IPO3916_A2_R1_val_1	17929.0	18947.0	19213.0	19286.0	20801.0	20060.0	20982.0	22101.0	24079.0	22386.0	26124.0	23326.0	25438.0	28654.0	30756.0	31838.0	36164.0	35879.0	40302.0	50480.0	64190.0	76206.0	129928.0	202983.0	501206.0	1267933.0	3434433.0
Sample_IPO3916_A2_R2_val_2	17160.0	17528.0	17263.0	17964.0	18359.0	19350.0	18862.0	19847.0	20230.0	20840.0	21827.0	22648.0	23172.0	25197.0	27016.0	28730.0	31556.0	34420.0	36345.0	44419.0	57323.0	71250.0	126840.0	201503.0	517276.0	1315824.0	3438875.0
Sample_IPO3916_A3_R1_val_1	10979.0	11197.0	10881.0	11215.0	11551.0	11535.0	11456.0	12223.0	12169.0	12608.0	12946.0	12851.0	13583.0	14838.0	15086.0	16057.0	17040.0	17843.0	19355.0	24011.0	27863.0	35656.0	55036.0	91784.0	230562.0	601470.0	1710055.0
Sample_IPO3916_A3_R2_val_2	10749.0	10729.0	10563.0	10720.0	11205.0	11291.0	10980.0	11637.0	11621.0	12272.0	12252.0	12771.0	13354.0	14085.0	14933.0	15472.0	16320.0	17927.0	18959.0	22466.0	27695.0	35455.0	56906.0	96141.0	241203.0	629459.0	1674685.0
Sample_IPO3916_A4_R1_val_1	3539.0	3709.0	3761.0	3930.0	4085.0	3933.0	4105.0	4569.0	4752.0	4965.0	5384.0	5401.0	5928.0	6530.0	7381.0	8049.0	8901.0	10737.0	12992.0	16021.0	21740.0	31983.0	66534.0	119314.0	296701.0	796743.0	2167457.0
Sample_IPO3916_A4_R2_val_2	4458.0	4445.0	4643.0	4766.0	5104.0	5075.0	5022.0	6085.0	6017.0	6331.0	6800.0	6865.0	7559.0	8333.0	9501.0	10239.0	11355.0	13533.0	15786.0	20046.0	25757.0	37019.0	72011.0	129749.0	301324.0	818197.0	2083124.0
Sample_IPO3916_A5_R1_val_1	14000.0	13982.0	14134.0	14626.0	14745.0	15191.0	15527.0	16060.0	16543.0	17289.0	17784.0	18858.0	19904.0	20893.0	22237.0	24084.0	26584.0	29460.0	33668.0	39958.0	49867.0	67793.0	109708.0	211227.0	537926.0	1442718.0	4484140.0
Sample_IPO3916_A5_R2_val_2	15094.0	15485.0	15537.0	16139.0	16359.0	16850.0	17222.0	17746.0	18498.0	19422.0	20051.0	21147.0	22668.0	24075.0	26098.0	28293.0	31402.0	35540.0	39398.0	47151.0	59174.0	81684.0	128549.0	239435.0	579784.0	1488697.0	4267408.0
Sample_IPO3916_A6_R1_val_1	18182.0	18121.0	18213.0	18543.0	19122.0	19506.0	19347.0	20410.0	20781.0	20915.0	21809.0	22045.0	22812.0	24858.0	25523.0	27596.0	29906.0	32227.0	36285.0	43363.0	53323.0	69188.0	113310.0	197735.0	488774.0	1299943.0	3498072.0
Sample_IPO3916_A6_R2_val_2	19094.0	18761.0	18768.0	19279.0	19652.0	20516.0	20268.0	21001.0	21716.0	22214.0	23241.0	24300.0	24881.0	26696.0	28140.0	30569.0	33227.0	36857.0	40297.0	47916.0	59838.0	79707.0	127596.0	221557.0	532100.0	1342961.0	3318757.0
Sample_IPO3916_A7_R1_val_1	22559.0	22287.0	20850.0	21963.0	21758.0	23740.0	22536.0	25400.0	23990.0	26325.0	26556.0	27142.0	26982.0	31662.0	30758.0	34814.0	36550.0	38321.0	41086.0	54789.0	60799.0	82818.0	124466.0	214101.0	540015.0	1473335.0	4246035.0
Sample_IPO3916_A7_R2_val_2	23160.0	21677.0	21079.0	21677.0	21771.0	24507.0	23091.0	24368.0	24055.0	25649.0	26636.0	28263.0	28085.0	30450.0	31868.0	34769.0	37688.0	41421.0	43075.0	53003.0	63949.0	86536.0	135474.0	230388.0	583251.0	1541844.0	4093903.0
Sample_IPO3916_A8_R1_val_1	16394.0	16323.0	16391.0	16770.0	17146.0	17480.0	17961.0	18166.0	18945.0	19810.0	20081.0	20954.0	21826.0	22860.0	24237.0	25646.0	28617.0	30958.0	35599.0	41924.0	52862.0	71820.0	118105.0	228544.0	612969.0	1643291.0	4716788.0
Sample_IPO3916_A8_R2_val_2	18000.0	18119.0	18214.0	18540.0	19039.0	19681.0	20028.0	20522.0	21396.0	22528.0	22973.0	24287.0	25582.0	26996.0	28689.0	30941.0	34682.0	38471.0	42802.0	50733.0	64067.0	86513.0	139386.0	262851.0	662008.0	1708087.0	4447332.0
Sample_IPO3916_A9_R1_val_1	21740.0	22109.0	22117.0	22944.0	23599.0	23647.0	24307.0	24979.0	25514.0	26493.0	27282.0	28559.0	29961.0	31385.0	33501.0	36023.0	38909.0	43116.0	50151.0	58578.0	74139.0	99789.0	165645.0	305657.0	792480.0	2118214.0	5998442.0
Sample_IPO3916_A9_R2_val_2	22963.0	23609.0	23639.0	24461.0	25192.0	25188.0	25916.0	26784.0	27695.0	28786.0	29567.0	31181.0	33217.0	34617.0	37644.0	40210.0	44465.0	49502.0	55432.0	65775.0	83144.0	113008.0	184775.0	335992.0	840587.0	2197152.0	5738779.0
Sample_IPO3916_B10_R1_val_1	28038.0	28905.0	28337.0	29351.0	29320.0	30782.0	30217.0	32062.0	32234.0	33781.0	34573.0	35854.0	36289.0	39741.0	40002.0	43369.0	46152.0	49854.0	54557.0	66072.0	77148.0	103505.0	162150.0	303835.0	800027.0	2100883.0	6055019.0
Sample_IPO3916_B10_R2_val_2	28874.0	29220.0	29444.0	29949.0	30395.0	31866.0	31558.0	32742.0	33670.0	34527.0	36097.0	37704.0	38831.0	41317.0	43126.0	46552.0	49681.0	55125.0	59370.0	70113.0	85279.0	114607.0	180353.0	334606.0	847234.0	2178791.0	5821026.0
Sample_IPO3916_B11_R1_val_1	14331.0	14426.0	14764.0	14998.0	15327.0	15829.0	16044.0	16541.0	17290.0	17661.0	18387.0	18959.0	20208.0	21477.0	22976.0	24247.0	27242.0	30371.0	34710.0	40537.0	50294.0	68500.0	110210.0	210365.0	540571.0	1451812.0	4318487.0
Sample_IPO3916_B11_R2_val_2	14693.0	14904.0	15403.0	15571.0	15846.0	16354.0	16628.0	17169.0	17964.0	18566.0	19039.0	19940.0	21549.0	22658.0	24731.0	26460.0	29002.0	33007.0	36099.0	43250.0	53695.0	73733.0	117882.0	227311.0	563184.0	1509694.0	4182232.0
Sample_IPO3916_B12_R1_val_1	25199.0	25990.0	26632.0	26765.0	27279.0	27652.0	28579.0	29497.0	30921.0	30925.0	32119.0	33100.0	35781.0	38030.0	38957.0	41254.0	45226.0	50413.0	59289.0	69325.0	83886.0	112353.0	186286.0	353375.0	947059.0	2391458.0	6956851.0
Sample_IPO3916_B12_R2_val_2	25844.0	26470.0	27162.0	27441.0	27986.0	28260.0	29013.0	29885.0	31204.0	31927.0	32742.0	34197.0	36817.0	39385.0	41327.0	43551.0	47442.0	53609.0	59699.0	71209.0	86949.0	118375.0	195464.0	375464.0	986039.0	2483372.0	6763368.0
Sample_IPO3916_B1_R1_val_1	24287.0	25031.0	25109.0	25505.0	26966.0	25908.0	26303.0	27264.0	28073.0	28537.0	29403.0	29765.0	31646.0	32967.0	35553.0	37506.0	39936.0	44413.0	51223.0	59880.0	76130.0	105262.0	214951.0	395620.0	1041341.0	2863579.0	8394876.0
Sample_IPO3916_B1_R2_val_2	27854.0	28346.0	28624.0	28841.0	31011.0	30177.0	30129.0	32786.0	33256.0	34709.0	35663.0	36101.0	39133.0	41094.0	45541.0	48332.0	52032.0	59761.0	66880.0	80482.0	102752.0	139540.0	251200.0	466030.0	1121549.0	2987368.0	7867843.0
Sample_IPO3916_B2_R1_val_1	11040.0	11528.0	11466.0	11872.0	12245.0	12128.0	12325.0	13247.0	13279.0	14051.0	14500.0	15020.0	15973.0	17759.0	17990.0	20030.0	21743.0	23866.0	27471.0	34539.0	42428.0	60393.0	103054.0	191978.0	510952.0	1432198.0	4145521.0
Sample_IPO3916_B2_R2_val_2	13170.0	13671.0	13979.0	14285.0	15079.0	14882.0	15421.0	16292.0	16555.0	17665.0	18473.0	19408.0	20596.0	22890.0	24245.0	26893.0	29813.0	34069.0	37491.0	47244.0	59837.0	82707.0	131657.0	238094.0	568805.0	1477152.0	3828223.0
Sample_IPO3916_B3_R1_val_1	37527.0	37058.0	35877.0	36137.0	37142.0	39632.0	37847.0	40206.0	38366.0	40405.0	40892.0	42854.0	42353.0	45789.0	44864.0	48521.0	49975.0	52937.0	54532.0	66975.0	72817.0	92443.0	133712.0	219499.0	524037.0	1403822.0	3959923.0
Sample_IPO3916_B3_R2_val_2	37679.0	36413.0	35839.0	35731.0	37270.0	39986.0	38140.0	39319.0	38133.0	39716.0	40905.0	44143.0	43038.0	44421.0	45995.0	48454.0	50814.0	56195.0	56436.0	65617.0	75980.0	97226.0	143002.0	238564.0	557351.0	1457040.0	3832735.0
Sample_IPO3916_B4_R1_val_1	9939.0	9953.0	10082.0	10190.0	10445.0	10468.0	10782.0	10705.0	11064.0	11583.0	11854.0	12210.0	12693.0	12954.0	13838.0	14615.0	15461.0	17119.0	19085.0	22140.0	27410.0	36083.0	57828.0	106090.0	276162.0	751283.0	2140663.0
Sample_IPO3916_B4_R2_val_2	10833.0	10817.0	10934.0	11032.0	11339.0	11435.0	11834.0	12000.0	12422.0	13012.0	13307.0	13873.0	14471.0	15196.0	16212.0	17489.0	18775.0	20984.0	23204.0	26896.0	33274.0	44610.0	69960.0	122973.0	298467.0	775996.0	2011354.0
Sample_IPO3916_B5_R1_val_1	6452.0	6683.0	7049.0	7012.0	7119.0	7036.0	7129.0	7528.0	7956.0	8019.0	8441.0	8706.0	9121.0	9718.0	10528.0	11006.0	11691.0	13332.0	15549.0	18494.0	23282.0	31812.0	57748.0	106877.0	275937.0	745551.0	2073385.0
Sample_IPO3916_B5_R2_val_2	7143.0	7335.0	7668.0	7656.0	8071.0	7832.0	7934.0	8298.0	8807.0	9105.0	9565.0	9880.0	10546.0	11377.0	12432.0	13052.0	14150.0	16292.0	18342.0	22101.0	28040.0	38449.0	65699.0	121635.0	294623.0	768081.0	1969048.0
Sample_IPO3916_B6_R1_val_1	9891.0	10388.0	9871.0	10677.0	10628.0	10670.0	10884.0	11638.0	11581.0	12350.0	12317.0	12430.0	12766.0	14429.0	14236.0	16088.0	16677.0	17736.0	19767.0	24325.0	28398.0	37306.0	57080.0	98035.0	241543.0	633272.0	1792698.0
Sample_IPO3916_B6_R2_val_2	9783.0	9913.0	9656.0	10010.0	10146.0	10526.0	10555.0	10740.0	11012.0	11474.0	11746.0	12317.0	12614.0	13491.0	14138.0	15162.0	16213.0	18059.0	19095.0	22954.0	28003.0	37399.0	58507.0	102396.0	254046.0	662773.0	1754953.0
Sample_IPO3916_B7_R1_val_1	15754.0	17512.0	15371.0	17198.0	16789.0	17180.0	16768.0	21194.0	17941.0	20066.0	20042.0	20136.0	19656.0	26573.0	22969.0	27133.0	27652.0	29314.0	31343.0	45743.0	47013.0	64360.0	95414.0	166649.0	410360.0	1109057.0	3133870.0
Sample_IPO3916_B7_R2_val_2	15361.0	14942.0	14613.0	15319.0	15700.0	16726.0	16328.0	17296.0	16884.0	17637.0	18312.0	19940.0	19337.0	21382.0	21829.0	24198.0	26629.0	29197.0	29929.0	37966.0	44660.0	62526.0	98183.0	168681.0	425591.0	1172472.0	3091419.0
Sample_IPO3916_B8_R1_val_1	6123.0	6155.0	5993.0	6239.0	6634.0	6729.0	6993.0	7269.0	7486.0	7833.0	8380.0	8827.0	9340.0	9822.0	10852.0	11818.0	13487.0	15325.0	17756.0	21330.0	27969.0	38948.0	67022.0	129948.0	347232.0	909158.0	2551707.0
Sample_IPO3916_B8_R2_val_2	6075.0	6087.0	6024.0	6133.0	6587.0	6583.0	6757.0	7108.0	7402.0	7700.0	8230.0	8723.0	9204.0	10027.0	10904.0	11803.0	13497.0	15182.0	17251.0	21244.0	27737.0	39111.0	66768.0	135084.0	357286.0	943912.0	2503956.0
Sample_IPO3916_B9_R1_val_1	4675.0	5141.0	5159.0	5701.0	6456.0	5810.0	5962.0	7031.0	7401.0	7781.0	8791.0	8679.0	10352.0	10854.0	13116.0	14514.0	15835.0	19675.0	24832.0	31529.0	43239.0	63872.0	141717.0	264877.0	683400.0	1939413.0	5317925.0
Sample_IPO3916_B9_R2_val_2	6644.0	6854.0	7056.0	7454.0	8733.0	8117.0	8016.0	10178.0	10181.0	11009.0	12029.0	12135.0	14287.0	15132.0	18481.0	20172.0	22337.0	27549.0	32164.0	41350.0	54975.0	80345.0	159173.0	305952.0	713898.0	2011970.0	5047546.0
Sample_IPO3916_C10_R1_val_1	17977.0	18114.0	18146.0	18367.0	19059.0	19263.0	19755.0	20248.0	20815.0	21690.0	22028.0	22966.0	23583.0	25231.0	25853.0	27924.0	30289.0	32392.0	36482.0	43561.0	52649.0	69601.0	111177.0	202868.0	525958.0	1442455.0	4086152.0
Sample_IPO3916_C10_R2_val_2	19122.0	19249.0	19550.0	19695.0	20598.0	20834.0	21248.0	21888.0	22712.0	23731.0	23951.0	25373.0	26484.0	27698.0	29238.0	31857.0	34791.0	38125.0	41493.0	49361.0	60447.0	80479.0	126455.0	227433.0	565318.0	1489715.0	3887758.0
Sample_IPO3916_C11_R1_val_1	30318.0	30805.0	31322.0	31748.0	32636.0	33001.0	33475.0	34141.0	35659.0	36482.0	38132.0	39434.0	41131.0	43127.0	45628.0	47836.0	52305.0	57091.0	64033.0	74071.0	91232.0	120962.0	190593.0	364228.0	910317.0	2413273.0	7313725.0
Sample_IPO3916_C11_R2_val_2	31300.0	31972.0	32510.0	32914.0	34027.0	34307.0	34700.0	35908.0	37216.0	38347.0	39876.0	41477.0	43619.0	45595.0	49154.0	51201.0	55784.0	62123.0	68105.0	79046.0	97459.0	131746.0	203787.0	391466.0	953866.0	2498812.0	7080388.0
Sample_IPO3916_C12_R1_val_1	11523.0	11613.0	11766.0	11912.0	12395.0	12209.0	12798.0	13040.0	13583.0	14165.0	14149.0	14562.0	15356.0	16244.0	17369.0	18370.0	20491.0	22785.0	26521.0	31866.0	39815.0	54954.0	99127.0	191288.0	514350.0	1382615.0	4043310.0
Sample_IPO3916_C12_R2_val_2	12683.0	12927.0	13096.0	13244.0	13832.0	13972.0	14187.0	14885.0	15473.0	16025.0	16324.0	17144.0	18153.0	19522.0	21286.0	22820.0	25177.0	28555.0	31961.0	38623.0	49124.0	67333.0	114542.0	221163.0	553580.0	1432266.0	3830279.0
Sample_IPO3916_C1_R1_val_1	21697.0	21753.0	20350.0	20857.0	21451.0	21976.0	21396.0	23151.0	22017.0	23418.0	23580.0	24200.0	23769.0	26906.0	26079.0	27711.0	28507.0	30020.0	31863.0	39593.0	42392.0	54424.0	77769.0	129949.0	309929.0	815148.0	2308143.0
Sample_IPO3916_C1_R2_val_2	21409.0	20532.0	19738.0	20063.0	20712.0	21928.0	21011.0	21232.0	21181.0	22139.0	22856.0	24259.0	23443.0	24474.0	25588.0	26744.0	28041.0	30246.0	31110.0	36122.0	41783.0	53888.0	80282.0	134464.0	319044.0	855729.0	2270030.0
Sample_IPO3916_C2_R1_val_1	41261.0	40998.0	41664.0	42317.0	43934.0	43093.0	43702.0	45198.0	47118.0	47024.0	47497.0	48348.0	50617.0	52452.0	54780.0	56492.0	59282.0	63932.0	70918.0	80485.0	93691.0	119205.0	187803.0	336430.0	852674.0	2183128.0	6166590.0
Sample_IPO3916_C2_R2_val_2	43670.0	43593.0	44212.0	44935.0	46636.0	46167.0	46624.0	48485.0	50396.0	51028.0	51454.0	53078.0	55440.0	58413.0	61961.0	64014.0	67465.0	73482.0	80153.0	91975.0	108983.0	141310.0	215148.0	379646.0	912827.0	2255752.0	5823786.0
Sample_IPO3916_C3_R1_val_1	25883.0	25450.0	25313.0	25059.0	25551.0	26382.0	26464.0	27232.0	27247.0	28091.0	28021.0	29324.0	29436.0	30649.0	31241.0	33099.0	34459.0	36077.0	38260.0	44324.0	50569.0	63741.0	94161.0	161978.0	392564.0	1048290.0	3065536.0
Sample_IPO3916_C3_R2_val_2	26353.0	25846.0	25582.0	25530.0	26090.0	26974.0	26905.0	27470.0	27826.0	28461.0	28951.0	30324.0	30850.0	31222.0	32752.0	34311.0	36408.0	38662.0	40519.0	45980.0	54794.0	69054.0	102606.0	175327.0	417180.0	1093984.0	2944440.0
Sample_IPO3916_C4_R1_val_1	3626.0	3938.0	3791.0	4260.0	4670.0	3933.0	4159.0	4583.0	4922.0	4688.0	5207.0	5185.0	5740.0	5938.0	6777.0	7221.0	7731.0	9179.0	10741.0	13450.0	17713.0	25831.0	64367.0	116694.0	318077.0	938229.0	2830504.0
Sample_IPO3916_C4_R2_val_2	6073.0	6073.0	6241.0	6514.0	7370.0	6738.0	6902.0	8451.0	8410.0	8849.0	9455.0	9420.0	10673.0	11409.0	13637.0	14279.0	15530.0	18868.0	21487.0	27307.0	34684.0	48994.0	89094.0	162651.0	364331.0	983513.0	2524201.0
Sample_IPO3916_C5_R1_val_1	7565.0	7573.0	7977.0	8079.0	8183.0	8337.0	8546.0	8731.0	9146.0	9388.0	9703.0	10081.0	10573.0	11574.0	12159.0	13151.0	14332.0	16302.0	19046.0	22704.0	29285.0	40758.0	71361.0	141251.0	372042.0	984532.0	2720522.0
Sample_IPO3916_C5_R2_val_2	8935.0	8845.0	9374.0	9603.0	9658.0	9982.0	10203.0	10582.0	11157.0	11588.0	12039.0	12639.0	13674.0	14652.0	16023.0	17365.0	19189.0	21862.0	25043.0	29760.0	38263.0	52664.0	87219.0	166000.0	403518.0	1017702.0	2535362.0
Sample_IPO3916_C6_R1_val_1	20051.0	21309.0	20411.0	21664.0	21913.0	22476.0	22555.0	25239.0	24769.0	26323.0	27224.0	26847.0	28363.0	33039.0	32850.0	36629.0	39350.0	41919.0	47691.0	60884.0	71913.0	95524.0	145194.0	251836.0	608586.0	1537100.0	4297041.0
Sample_IPO3916_C6_R2_val_2	19678.0	19611.0	19434.0	20070.0	20645.0	21906.0	21354.0	22562.0	23032.0	23827.0	24651.0	26263.0	27369.0	29233.0	30645.0	33749.0	36627.0	40578.0	44282.0	53845.0	67049.0	89430.0	141375.0	249067.0	615951.0	1590376.0	4296091.0
Sample_IPO3916_C7_R1_val_1	14710.0	15277.0	14489.0	15293.0	15189.0	15581.0	15800.0	17335.0	16725.0	17470.0	18020.0	17883.0	18156.0	21646.0	20672.0	22979.0	24382.0	25043.0	27872.0	36525.0	41327.0	52611.0	82922.0	136994.0	351317.0	932463.0	2584002.0
Sample_IPO3916_C7_R2_val_2	14502.0	14439.0	14022.0	14733.0	14890.0	15683.0	15448.0	16027.0	15875.0	16614.0	17103.0	18038.0	18053.0	19482.0	20211.0	21820.0	23691.0	25776.0	27128.0	33183.0	40169.0	52583.0	86134.0	142750.0	372557.0	970847.0	2530925.0
Sample_IPO3916_C8_R1_val_1	9613.0	9499.0	9672.0	9707.0	9957.0	10129.0	10347.0	10670.0	11062.0	11366.0	11480.0	11833.0	12204.0	12763.0	13777.0	14306.0	15603.0	16878.0	19146.0	22331.0	27152.0	36053.0	59513.0	110393.0	289890.0	796119.0	2344395.0
Sample_IPO3916_C8_R2_val_2	10526.0	10611.0	10844.0	11043.0	11206.0	11449.0	11697.0	12232.0	12625.0	13099.0	13286.0	13946.0	14708.0	15286.0	16461.0	17531.0	19269.0	21410.0	23570.0	27980.0	34230.0	45890.0	72537.0	130256.0	318085.0	825605.0	2190476.0
Sample_IPO3916_C9_R1_val_1	11506.0	12465.0	11545.0	12584.0	12410.0	12767.0	12757.0	14681.0	13569.0	15179.0	15055.0	15222.0	15757.0	19203.0	17684.0	20907.0	21790.0	23112.0	25662.0	35302.0	39373.0	54871.0	85841.0	153794.0	393431.0	1063175.0	3059676.0
Sample_IPO3916_C9_R2_val_2	11727.0	12102.0	11763.0	12455.0	12344.0	12947.0	13062.0	13849.0	13731.0	14679.0	15112.0	15853.0	16417.0	18072.0	18401.0	20815.0	22563.0	24805.0	26549.0	34109.0	41174.0	57291.0	92539.0	164675.0	417980.0	1121488.0	2952816.0
Sample_IPO3916_D10_R1_val_1	13160.0	13378.0	13455.0	13834.0	14267.0	14617.0	15073.0	15823.0	16073.0	16961.0	17517.0	18324.0	19170.0	20651.0	21762.0	23987.0	26522.0	29645.0	34028.0	41694.0	52241.0	71658.0	116974.0	225786.0	583194.0	1532696.0	4242410.0
Sample_IPO3916_D10_R2_val_2	13350.0	13362.0	13665.0	14161.0	14514.0	14984.0	15096.0	15562.0	16279.0	17096.0	17803.0	18254.0	19794.0	21196.0	22768.0	24763.0	27572.0	31095.0	34470.0	41415.0	53275.0	73795.0	122416.0	234984.0	606858.0	1590407.0	4135966.0
Sample_IPO3916_D11_R1_val_1	7452.0	7568.0	7540.0	7806.0	7761.0	7956.0	7994.0	8473.0	8267.0	8909.0	8995.0	9223.0	9220.0	10534.0	10410.0	11380.0	12087.0	12708.0	14110.0	17773.0	20557.0	28057.0	44179.0	81220.0	209294.0	577661.0	1663272.0
Sample_IPO3916_D11_R2_val_2	8257.0	8232.0	8268.0	8575.0	8702.0	9014.0	8858.0	9391.0	9384.0	9938.0	10313.0	10615.0	11072.0	12167.0	12508.0	13748.0	14611.0	16138.0	17352.0	21244.0	25414.0	34116.0	54258.0	95134.0	229096.0	598204.0	1555797.0
Sample_IPO3916_D12_R1_val_1	22140.0	22669.0	22701.0	23324.0	23698.0	24227.0	24565.0	25191.0	26008.0	26506.0	27227.0	28519.0	29136.0	30479.0	32648.0	33687.0	37078.0	40473.0	45546.0	52241.0	64781.0	85973.0	140907.0	276944.0	719768.0	1980955.0	5869614.0
Sample_IPO3916_D12_R2_val_2	23976.0	24448.0	24563.0	25039.0	25799.0	26468.0	26876.0	27518.0	28763.0	29265.0	30024.0	31815.0	33000.0	34831.0	37708.0	39630.0	43502.0	48229.0	52755.0	62034.0	77047.0	104276.0	164787.0	314565.0	774370.0	2050776.0	5574941.0
Sample_IPO3916_D1_R1_val_1	62967.0	63320.0	60424.0	62278.0	62925.0	65967.0	63869.0	66536.0	65677.0	67038.0	68599.0	71329.0	70528.0	74799.0	75477.0	78621.0	82237.0	86140.0	90180.0	103442.0	118107.0	143418.0	209937.0	342332.0	821856.0	2132604.0	6119789.0
Sample_IPO3916_D1_R2_val_2	63014.0	62791.0	60488.0	61739.0	62647.0	66473.0	64126.0	65441.0	65278.0	66493.0	68246.0	72388.0	71648.0	73982.0	76701.0	79152.0	83359.0	89980.0	92705.0	104321.0	121745.0	151770.0	224744.0	371237.0	870337.0	2231453.0	5908138.0
Sample_IPO3916_D2_R1_val_1	125420.0	125519.0	127585.0	128138.0	130869.0	129653.0	130989.0	133785.0	135587.0	137056.0	138093.0	142174.0	144970.0	146383.0	151030.0	153329.0	158407.0	164886.0	174270.0	190596.0	211390.0	255174.0	357053.0	601392.0	1408889.0	3649967.0	10312507.0
Sample_IPO3916_D2_R2_val_2	128148.0	128567.0	130505.0	131281.0	134174.0	133117.0	134386.0	137803.0	139534.0	141496.0	142993.0	147388.0	151108.0	153658.0	159146.0	162610.0	168367.0	177888.0	185300.0	205182.0	230479.0	282553.0	395132.0	662897.0	1493328.0	3791266.0	9816805.0
Sample_IPO3916_D3_R1_val_1	13177.0	12880.0	12785.0	13241.0	13011.0	13961.0	13437.0	14018.0	14023.0	14245.0	14796.0	15236.0	15251.0	15796.0	16311.0	17335.0	18518.0	19340.0	20675.0	23275.0	28318.0	33916.0	54560.0	87658.0	224958.0	585799.0	1682138.0
Sample_IPO3916_D3_R2_val_2	13776.0	13562.0	13424.0	13773.0	13639.0	14658.0	14133.0	14793.0	14752.0	14919.0	15525.0	16312.0	16382.0	17261.0	17831.0	18873.0	20221.0	21985.0	22975.0	26061.0	32300.0	39421.0	62143.0	100925.0	246572.0	605445.0	1586997.0
Sample_IPO3916_D4_R1_val_1	27209.0	26644.0	24685.0	26595.0	26739.0	28101.0	26906.0	30091.0	28051.0	29793.0	29985.0	30190.0	30630.0	35093.0	33963.0	37665.0	39002.0	41576.0	45318.0	57911.0	62616.0	85085.0	133245.0	224493.0	545321.0	1432025.0	4066783.0
Sample_IPO3916_D4_R2_val_2	27169.0	25215.0	24367.0	25340.0	25985.0	28233.0	26667.0	28131.0	27223.0	28372.0	29340.0	30455.0	30835.0	32207.0	34199.0	36209.0	38951.0	43681.0	45715.0	54084.0	64849.0	88049.0	139396.0	239315.0	564519.0	1507233.0	3959976.0
Sample_IPO3916_D5_R1_val_1	14177.0	14354.0	13859.0	14441.0	14425.0	15099.0	14808.0	16193.0	15450.0	16491.0	16816.0	16921.0	16901.0	19826.0	19128.0	21300.0	22086.0	23526.0	26013.0	33113.0	37014.0	50503.0	77704.0	138314.0	357749.0	972292.0	2839792.0
Sample_IPO3916_D5_R2_val_2	14961.0	14828.0	14775.0	15104.0	15358.0	16176.0	15922.0	16749.0	16708.0	17408.0	17866.0	18764.0	18768.0	20573.0	21401.0	23253.0	25092.0	27417.0	29452.0	35567.0	42637.0	57645.0	89577.0	157790.0	382125.0	1011920.0	2700459.0
Sample_IPO3916_D6_R1_val_1	19330.0	19988.0	19675.0	20585.0	21176.0	21649.0	21640.0	24018.0	23684.0	25397.0	26249.0	26522.0	27698.0	31403.0	31744.0	36049.0	38772.0	42394.0	47471.0	59743.0	72212.0	95395.0	152111.0	267947.0	673008.0	1776334.0	5056567.0
Sample_IPO3916_D6_R2_val_2	20356.0	20768.0	20558.0	21479.0	22147.0	23281.0	23034.0	24379.0	24781.0	26371.0	27428.0	29005.0	30428.0	32381.0	34977.0	38616.0	42447.0	47951.0	52297.0	63211.0	79950.0	105682.0	169409.0	296514.0	718290.0	1839289.0	4843732.0
Sample_IPO3916_D7_R1_val_1	7848.0	8048.0	8121.0	8403.0	8803.0	8961.0	9170.0	9451.0	9736.0	9906.0	10389.0	10892.0	11688.0	12281.0	13007.0	14069.0	15648.0	17441.0	19987.0	24060.0	30282.0	41441.0	69267.0	132283.0	347031.0	934807.0	2637705.0
Sample_IPO3916_D7_R2_val_2	8261.0	8387.0	8575.0	8835.0	9136.0	9391.0	9670.0	10084.0	10245.0	10629.0	10966.0	11641.0	12555.0	13238.0	14207.0	15503.0	17198.0	19626.0	21707.0	26200.0	33437.0	45487.0	74998.0	144168.0	366194.0	969429.0	2540958.0
Sample_IPO3916_D8_R1_val_1	10089.0	10389.0	10407.0	10610.0	11105.0	11256.0	11711.0	12134.0	12141.0	12883.0	13243.0	13722.0	14754.0	15585.0	16596.0	17716.0	19734.0	21800.0	25296.0	29941.0	37926.0	51051.0	82782.0	153713.0	391766.0	1010664.0	2941916.0
Sample_IPO3916_D8_R2_val_2	9875.0	10201.0	10269.0	10258.0	10754.0	11122.0	11256.0	11729.0	11769.0	12437.0	12580.0	13274.0	14444.0	15366.0	16373.0	17353.0	19415.0	21514.0	23716.0	28328.0	35708.0	49699.0	81081.0	154902.0	403236.0	1052998.0	2901273.0
Sample_IPO3916_D9_R1_val_1	8897.0	9458.0	8864.0	9378.0	9552.0	9844.0	9864.0	11305.0	10553.0	11954.0	11813.0	12096.0	12223.0	15019.0	13792.0	16861.0	17618.0	18832.0	20635.0	28426.0	31780.0	43604.0	68000.0	119607.0	307076.0	832743.0	2520794.0
Sample_IPO3916_D9_R2_val_2	8966.0	8739.0	8633.0	8770.0	9103.0	9875.0	9717.0	10237.0	10228.0	10900.0	11435.0	12237.0	12158.0	13425.0	13810.0	15996.0	17374.0	19303.0	20599.0	25809.0	31573.0	44051.0	70886.0	125661.0	321168.0	877064.0	2462871.0
Sample_IPO3916_E10_R1_val_1	13653.0	13896.0	13628.0	14420.0	14616.0	14909.0	15636.0	16095.0	16790.0	17279.0	17873.0	18490.0	19591.0	20592.0	22621.0	23763.0	26603.0	29587.0	34160.0	40910.0	51840.0	69946.0	118401.0	226301.0	577750.0	1522486.0	4510241.0
Sample_IPO3916_E10_R2_val_2	14006.0	14090.0	14029.0	14792.0	15139.0	15327.0	15888.0	16734.0	17377.0	17782.0	18551.0	19251.0	20672.0	21767.0	24017.0	25606.0	28341.0	31855.0	35230.0	42638.0	53890.0	74229.0	124306.0	240919.0	598956.0	1582292.0	4384393.0
Sample_IPO3916_E11_R1_val_1	29445.0	29462.0	29213.0	29799.0	30618.0	31253.0	31090.0	32998.0	32856.0	34153.0	34593.0	35289.0	36523.0	39338.0	40714.0	43198.0	46540.0	49712.0	54930.0	65207.0	78220.0	102254.0	160457.0	285940.0	739225.0	1981682.0	5697638.0
Sample_IPO3916_E11_R2_val_2	31908.0	31776.0	31818.0	32417.0	33642.0	34389.0	34176.0	35749.0	36632.0	37773.0	38818.0	40246.0	42205.0	44719.0	48019.0	50718.0	55394.0	60611.0	66018.0	78136.0	95457.0	126533.0	193675.0	336856.0	803998.0	2048271.0	5332393.0
Sample_IPO3916_E12_R1_val_1	15138.0	15225.0	15501.0	15787.0	16337.0	16142.0	16755.0	17546.0	17792.0	18247.0	18965.0	19591.0	20169.0	21337.0	22452.0	23829.0	26204.0	27810.0	31781.0	36834.0	45475.0	60536.0	96268.0	180838.0	459791.0	1211603.0	3549839.0
Sample_IPO3916_E12_R2_val_2	15358.0	15481.0	15908.0	16004.0	16614.0	16429.0	16825.0	17795.0	18036.0	18729.0	19211.0	20008.0	20741.0	21630.0	23363.0	24496.0	26832.0	29575.0	32105.0	37619.0	46961.0	62266.0	100342.0	189906.0	476963.0	1260782.0	3457813.0
Sample_IPO3916_E1_R1_val_1	30618.0	30714.0	31445.0	32447.0	31964.0	31323.0	32012.0	33715.0	34666.0	34583.0	34656.0	36152.0	37959.0	39645.0	39269.0	40186.0	43644.0	47512.0	51885.0	56929.0	65857.0	85269.0	133731.0	240156.0	606326.0	1598200.0	4707864.0
Sample_IPO3916_E1_R2_val_2	32200.0	32344.0	33049.0	33770.0	34142.0	33640.0	34146.0	35487.0	36902.0	37346.0	37374.0	39480.0	41563.0	43787.0	44069.0	45526.0	49692.0	54423.0	59392.0	65667.0	76904.0	101203.0	155139.0	277032.0	656587.0	1666545.0	4431318.0
Sample_IPO3916_E2_R1_val_1	15492.0	17499.0	17609.0	16203.0	17779.0	17602.0	16309.0	19059.0	19253.0	17526.0	19131.0	17979.0	17990.0	20296.0	21400.0	19795.0	23297.0	20976.0	22065.0	27422.0	31770.0	34214.0	56273.0	76684.0	183582.0	487991.0	1392903.0
Sample_IPO3916_E2_R2_val_2	15870.0	17142.0	17333.0	17108.0	18173.0	18099.0	16698.0	18760.0	19192.0	18697.0	20126.0	18911.0	18827.0	20771.0	22304.0	21974.0	25416.0	22797.0	23712.0	29241.0	34413.0	40012.0	64456.0	85819.0	196287.0	503872.0	1322089.0
Sample_IPO3916_E3_R1_val_1	23419.0	22851.0	22152.0	22650.0	23145.0	24171.0	23645.0	24861.0	24368.0	25180.0	25538.0	27058.0	27136.0	28817.0	28932.0	31127.0	32404.0	34862.0	37225.0	43741.0	49679.0	64364.0	95826.0	165617.0	405742.0	1073567.0	3165273.0
Sample_IPO3916_E3_R2_val_2	23456.0	22629.0	22379.0	22584.0	23104.0	24323.0	23881.0	24613.0	24487.0	25236.0	25701.0	27433.0	27700.0	28596.0	29838.0	31212.0	33269.0	36518.0	38501.0	43761.0	51712.0	67079.0	102766.0	178911.0	427881.0	1122366.0	3063414.0
Sample_IPO3916_E4_R1_val_1	17130.0	16376.0	14808.0	15208.0	15620.0	16946.0	15289.0	17148.0	15435.0	16579.0	16485.0	17696.0	16407.0	18391.0	17555.0	19488.0	19903.0	21635.0	21891.0	29122.0	29707.0	40466.0	64875.0	110687.0	263351.0	725266.0	1940450.0
Sample_IPO3916_E4_R2_val_2	17841.0	16605.0	15371.0	15579.0	16269.0	17788.0	16112.0	17201.0	16392.0	17031.0	17473.0	19292.0	17809.0	18659.0	19463.0	20945.0	21995.0	25227.0	25286.0	30457.0	35560.0	47301.0	74819.0	127640.0	285329.0	754901.0	1825569.0
Sample_IPO3916_E5_R1_val_1	11702.0	11736.0	11977.0	11657.0	12165.0	12277.0	12445.0	12753.0	12874.0	13353.0	13796.0	14157.0	14801.0	15563.0	15892.0	17498.0	18906.0	20328.0	22332.0	26945.0	32943.0	43985.0	68487.0	125011.0	310922.0	811230.0	2299186.0
Sample_IPO3916_E5_R2_val_2	12251.0	12079.0	12426.0	12244.0	12734.0	12757.0	13027.0	13444.0	13473.0	13984.0	14522.0	15302.0	16041.0	16732.0	17781.0	19036.0	21018.0	23010.0	24924.0	29375.0	36588.0	48436.0	76904.0	136507.0	332496.0	839502.0	2198328.0
Sample_IPO3916_E6_R1_val_1	3933.0	4108.0	4130.0	4318.0	4453.0	4379.0	4528.0	4788.0	4884.0	4984.0	5225.0	5413.0	5680.0	6006.0	6429.0	6793.0	7644.0	8547.0	9797.0	11422.0	14896.0	20082.0	33960.0	67397.0	174965.0	476430.0	1462489.0
Sample_IPO3916_E6_R2_val_2	4413.0	4620.0	4675.0	4779.0	4954.0	4933.0	5155.0	5398.0	5605.0	5779.0	5919.0	6342.0	6565.0	7087.0	7704.0	8392.0	9157.0	10562.0	11658.0	14151.0	17755.0	24525.0	39718.0	77430.0	190220.0	496594.0	1383590.0
Sample_IPO3916_E7_R1_val_1	11335.0	11331.0	11353.0	11733.0	12149.0	12286.0	12461.0	13127.0	13254.0	13880.0	14258.0	14872.0	15113.0	16804.0	17293.0	18904.0	20378.0	22732.0	25416.0	31366.0	38157.0	51326.0	83012.0	151641.0	396321.0	1031808.0	2973549.0
Sample_IPO3916_E7_R2_val_2	11521.0	11339.0	11654.0	11941.0	12394.0	12494.0	12778.0	13122.0	13532.0	14077.0	14504.0	15550.0	15763.0	17509.0	18273.0	19801.0	21555.0	24168.0	26276.0	31884.0	39971.0	54374.0	87286.0	161613.0	414818.0	1070633.0	2887029.0
Sample_IPO3916_E8_R1_val_1	6054.0	6195.0	6344.0	6394.0	6407.0	6744.0	6914.0	6979.0	7237.0	7564.0	7703.0	7905.0	8375.0	8546.0	9442.0	9938.0	10976.0	12065.0	13877.0	16340.0	20490.0	27680.0	45151.0	85801.0	225967.0	584322.0	1744997.0
Sample_IPO3916_E8_R2_val_2	6200.0	6548.0	6619.0	6708.0	6866.0	7009.0	7131.0	7339.0	7661.0	7964.0	8027.0	8439.0	9044.0	9293.0	10397.0	10891.0	12021.0	13360.0	15047.0	17590.0	22159.0	29988.0	48649.0	92304.0	235562.0	607146.0	1686445.0
Sample_IPO3916_E9_R1_val_1	6096.0	6266.0	6401.0	6599.0	6769.0	6758.0	6900.0	7267.0	7455.0	7773.0	7980.0	8483.0	8978.0	9615.0	10158.0	10992.0	12072.0	13649.0	15837.0	19262.0	24411.0	33085.0	56895.0	104878.0	274517.0	734249.0	2072556.0
Sample_IPO3916_E9_R2_val_2	6329.0	6507.0	6503.0	6780.0	7088.0	7029.0	7082.0	7515.0	7708.0	7972.0	8218.0	8791.0	9504.0	10094.0	10734.0	11681.0	13113.0	14706.0	16593.0	19950.0	25547.0	35502.0	59532.0	112333.0	287183.0	762925.0	2008982.0
Sample_IPO3916_F10_R1_val_1	11087.0	11240.0	11607.0	12058.0	12206.0	12418.0	12938.0	13378.0	14175.0	14439.0	15431.0	16111.0	16965.0	18298.0	19533.0	21681.0	24465.0	26908.0	31614.0	37779.0	49416.0	67351.0	114001.0	222241.0	578336.0	1473874.0	4199310.0
Sample_IPO3916_F10_R2_val_2	11370.0	11679.0	11935.0	12201.0	12581.0	12932.0	13106.0	13894.0	14502.0	14846.0	15622.0	16489.0	17448.0	19090.0	20718.0	22413.0	25181.0	28845.0	32150.0	38947.0	50413.0	70713.0	118076.0	231523.0	599351.0	1532230.0	4090605.0
Sample_IPO3916_F11_R1_val_1	16988.0	18020.0	15752.0	17711.0	17490.0	18597.0	16907.0	21417.0	18540.0	21682.0	21137.0	21673.0	20537.0	28601.0	24499.0	30820.0	30866.0	31341.0	32740.0	53000.0	51479.0	77100.0	111612.0	186172.0	466359.0	1351825.0	3813194.0
Sample_IPO3916_F11_R2_val_2	18249.0	17799.0	16727.0	17978.0	18324.0	20448.0	18714.0	20818.0	19965.0	21943.0	22890.0	24251.0	23747.0	27443.0	27537.0	31834.0	34487.0	37493.0	38242.0	51556.0	59919.0	84637.0	134060.0	214902.0	506285.0	1421580.0	3604231.0
Sample_IPO3916_F12_R1_val_1	14252.0	14732.0	14587.0	15182.0	15609.0	16056.0	16398.0	16900.0	17883.0	18237.0	19125.0	20184.0	21337.0	22586.0	24226.0	25798.0	29315.0	32763.0	37632.0	45141.0	57609.0	79184.0	131558.0	262021.0	672536.0	1809742.0	5433906.0
Sample_IPO3916_F12_R2_val_2	15109.0	15620.0	15605.0	16356.0	16866.0	17154.0	17574.0	18222.0	19017.0	19876.0	20515.0	21902.0	23381.0	25188.0	27299.0	29280.0	32889.0	36836.0	41171.0	49630.0	63440.0	88121.0	144016.0	286367.0	707186.0	1879830.0	5236049.0
Sample_IPO3916_F1_R1_val_1	25570.0	25426.0	26632.0	27262.0	27636.0	28200.0	28665.0	30372.0	31388.0	32242.0	34189.0	35873.0	38634.0	41982.0	44285.0	46757.0	53036.0	58127.0	70503.0	82650.0	101894.0	136465.0	226870.0	424337.0	1126659.0	2779895.0	8730333.0
Sample_IPO3916_F1_R2_val_2	24947.0	24938.0	25720.0	26864.0	26970.0	27840.0	27518.0	29574.0	30190.0	31387.0	32882.0	34844.0	37382.0	40597.0	43557.0	46358.0	50950.0	58240.0	65550.0	79358.0	99855.0	134177.0	225610.0	442784.0	1156456.0	2883566.0	8607768.0
Sample_IPO3916_F2_R1_val_1	22232.0	21823.0	21139.0	21681.0	21642.0	22721.0	21892.0	22906.0	22563.0	23133.0	23120.0	24695.0	23912.0	25228.0	25529.0	26691.0	27594.0	28882.0	30363.0	34016.0	38061.0	46128.0	66436.0	106871.0	250249.0	658674.0	1805136.0
Sample_IPO3916_F2_R2_val_2	22791.0	22169.0	21721.0	22193.0	22424.0	23691.0	22659.0	23444.0	23447.0	24104.0	24219.0	26273.0	25641.0	26273.0	27510.0	28677.0	30102.0	32478.0	33696.0	37347.0	43626.0	53769.0	77422.0	123638.0	273827.0	683644.0	1686532.0
Sample_IPO3916_F3_R1_val_1	11650.0	11778.0	11445.0	12037.0	12029.0	12501.0	12328.0	13030.0	12809.0	13311.0	13793.0	14263.0	14207.0	15432.0	15672.0	16534.0	17708.0	18694.0	20480.0	24541.0	27657.0	35984.0	55063.0	95997.0	238622.0	638300.0	1935040.0
Sample_IPO3916_F3_R2_val_2	12028.0	11884.0	11690.0	12269.0	12346.0	12970.0	12897.0	13280.0	13253.0	13878.0	14294.0	14873.0	14872.0	16019.0	16838.0	17632.0	18949.0	20507.0	21943.0	25637.0	30574.0	39728.0	60582.0	106444.0	252949.0	668561.0	1854008.0
Sample_IPO3916_F4_R1_val_1	9179.0	8929.0	8529.0	8571.0	8896.0	9388.0	8949.0	9936.0	9288.0	9990.0	10357.0	10724.0	10601.0	12204.0	12309.0	13336.0	14579.0	16311.0	18061.0	22886.0	28193.0	39096.0	66571.0	128959.0	354110.0	888925.0	2618940.0
Sample_IPO3916_F4_R2_val_2	9710.0	9032.0	8973.0	8697.0	9295.0	9899.0	9375.0	9987.0	10007.0	10421.0	11071.0	11660.0	11782.0	12561.0	13608.0	14512.0	15984.0	18486.0	19866.0	23938.0	30690.0	43090.0	71949.0	139939.0	371795.0	926483.0	2525007.0
Sample_IPO3916_F5_R1_val_1	4.0	6.0	1.0	4.0	4.0	8.0	6.0	9.0	5.0	6.0	7.0	9.0	10.0	15.0	10.0	11.0	12.0	26.0	13.0	10.0	17.0	22.0	33.0	74.0	156.0	374.0	1061.0
Sample_IPO3916_F5_R2_val_2	5.0	4.0	3.0	8.0	4.0	5.0	6.0	7.0	6.0	8.0	5.0	12.0	8.0	8.0	9.0	16.0	19.0	13.0	9.0	16.0	26.0	29.0	36.0	72.0	155.0	368.0	1056.0
Sample_IPO3916_F6_R1_val_1	10280.0	12514.0	12721.0	11634.0	12903.0	11826.0	10731.0	14328.0	14346.0	14159.0	15571.0	13330.0	13467.0	17845.0	18533.0	18762.0	22502.0	19141.0	21501.0	31039.0	36543.0	44791.0	78603.0	110872.0	284835.0	771519.0	2346800.0
Sample_IPO3916_F6_R2_val_2	10320.0	11873.0	11985.0	11329.0	12432.0	12137.0	10907.0	13569.0	13777.0	13968.0	15345.0	13888.0	13863.0	17599.0	18959.0	19104.0	23079.0	20632.0	22243.0	30998.0	38250.0	48032.0	87094.0	120403.0	303459.0	810149.0	2265702.0
Sample_IPO3916_F7_R1_val_1	15645.0	15835.0	16267.0	16545.0	16691.0	17196.0	17688.0	18237.0	18948.0	19321.0	20130.0	20543.0	21343.0	23064.0	24153.0	26201.0	28282.0	31397.0	36952.0	42471.0	54256.0	72580.0	122219.0	230856.0	590034.0	1514598.0	4411349.0
Sample_IPO3916_F7_R2_val_2	15945.0	15916.0	16117.0	16468.0	16887.0	17162.0	17572.0	18204.0	18720.0	19334.0	19626.0	20618.0	21204.0	22970.0	24358.0	26304.0	28356.0	32058.0	35756.0	41129.0	52427.0	71183.0	122338.0	234887.0	599421.0	1577317.0	4340524.0
Sample_IPO3916_F8_R1_val_1	13039.0	13480.0	13559.0	13882.0	14139.0	14249.0	14748.0	14810.0	15474.0	15933.0	16657.0	17374.0	18002.0	19189.0	20173.0	21452.0	23194.0	26233.0	29769.0	34722.0	43928.0	59334.0	100059.0	196159.0	527215.0	1400352.0	4273851.0
Sample_IPO3916_F8_R2_val_2	14973.0	15422.0	15538.0	16033.0	16275.0	16636.0	17099.0	17332.0	18185.0	18798.0	19692.0	20817.0	21938.0	23552.0	25498.0	27409.0	29620.0	33566.0	37493.0	44161.0	55788.0	76071.0	122325.0	232353.0	574604.0	1459792.0	4000006.0
Sample_IPO3916_F9_R1_val_1	18566.0	18664.0	16864.0	18400.0	18091.0	19609.0	18415.0	21888.0	19499.0	21788.0	22017.0	22680.0	22373.0	28032.0	25569.0	30653.0	31729.0	32858.0	35552.0	49855.0	53566.0	74240.0	109161.0	184960.0	452966.0	1235461.0	3590254.0
Sample_IPO3916_F9_R2_val_2	18572.0	17547.0	16460.0	17177.0	17416.0	19675.0	18414.0	19884.0	19246.0	20268.0	21218.0	23009.0	22563.0	25255.0	25329.0	28672.0	31250.0	34023.0	35900.0	44544.0	53659.0	73074.0	114596.0	193558.0	477029.0	1297842.0	3507530.0
Sample_IPO3916_G10_R1_val_1	964567.0	970514.0	964566.0	979736.0	989901.0	989091.0	995817.0	1003854.0	1018766.0	1041240.0	1037521.0	1064028.0	1071419.0	1086230.0	1094124.0	1107601.0	1121879.0	1136126.0	1179027.0	1233917.0	1325925.0	1481149.0	1897260.0	2901273.0	6245273.0	15882708.0	45191324.0
Sample_IPO3916_G10_R2_val_2	975840.0	982507.0	977314.0	992703.0	1003690.0	1003226.0	1009571.0	1019376.0	1035029.0	1059160.0	1057426.0	1085961.0	1097110.0	1115297.0	1128349.0	1145424.0	1160958.0	1191741.0	1231281.0	1300007.0	1415164.0	1606585.0	2075852.0	3193864.0	6663842.0	16611760.0	42835799.0
Sample_IPO3916_G11_R1_val_1	7872.0	8153.0	8231.0	8920.0	9446.0	9164.0	9241.0	10383.0	11157.0	11493.0	12573.0	12721.0	14068.0	15382.0	17362.0	19260.0	21102.0	25635.0	31504.0	39003.0	54190.0	77260.0	170149.0	320981.0	863249.0	2354280.0	6946553.0
Sample_IPO3916_G11_R2_val_2	10849.0	10908.0	11080.0	11485.0	12923.0	12654.0	12352.0	14890.0	15165.0	16497.0	17713.0	17362.0	19831.0	21555.0	25259.0	27771.0	30460.0	37436.0	43713.0	54702.0	73409.0	104166.0	201312.0	382758.0	915249.0	2465153.0	6522680.0
Sample_IPO3916_G12_R1_val_1	464793.0	461168.0	442923.0	458270.0	456733.0	470455.0	463782.0	481638.0	477810.0	482121.0	488459.0	503207.0	508671.0	506297.0	517008.0	514279.0	528889.0	543942.0	562282.0	587270.0	645204.0	717103.0	924426.0	1297853.0	2700034.0	6652172.0	18240903.0
Sample_IPO3916_G12_R2_val_2	462388.0	457530.0	439443.0	455020.0	453667.0	469679.0	458763.0	478260.0	469712.0	479870.0	481445.0	503901.0	503767.0	501218.0	511735.0	510783.0	523762.0	549042.0	556059.0	582489.0	637596.0	729363.0	941988.0	1356629.0	2832980.0	6946534.0	17804069.0
Sample_IPO3916_G1_R1_val_1	112218.0	108706.0	107088.0	108302.0	110722.0	116924.0	113042.0	117428.0	114285.0	119048.0	119619.0	126660.0	123549.0	129672.0	130942.0	136059.0	142455.0	150626.0	153273.0	177036.0	192816.0	238564.0	334211.0	539211.0	1267373.0	3423680.0	9718636.0
Sample_IPO3916_G1_R2_val_2	115093.0	111190.0	110177.0	111215.0	114124.0	120229.0	116764.0	119993.0	118345.0	122627.0	123586.0	132606.0	130177.0	134352.0	139277.0	143686.0	151611.0	163495.0	164440.0	186059.0	212736.0	261916.0	373592.0	600262.0	1366425.0	3557565.0	9230603.0
Sample_IPO3916_G2_R1_val_1	52238.0	52689.0	52274.0	53806.0	53792.0	54691.0	55293.0	55671.0	56549.0	56381.0	57273.0	58336.0	59736.0	60426.0	62755.0	64038.0	66760.0	69582.0	72163.0	78582.0	92635.0	105728.0	161297.0	252263.0	628838.0	1600863.0	4599725.0
Sample_IPO3916_G2_R2_val_2	52755.0	53354.0	52733.0	54299.0	54344.0	55461.0	55813.0	56806.0	56600.0	57704.0	57809.0	59937.0	60730.0	62137.0	64378.0	65919.0	68823.0	73417.0	74758.0	82561.0	95969.0	114677.0	170567.0	277557.0	672260.0	1668464.0	4414552.0
Sample_IPO3916_G3_R1_val_1	9151.0	8990.0	9095.0	9329.0	9461.0	9624.0	9679.0	10348.0	10267.0	10509.0	10889.0	11270.0	11945.0	12922.0	13259.0	14549.0	15700.0	17350.0	19720.0	23940.0	29429.0	40591.0	72969.0	135256.0	353454.0	952622.0	2813332.0
Sample_IPO3916_G3_R2_val_2	9942.0	9626.0	9887.0	10029.0	10458.0	10523.0	10635.0	11438.0	11360.0	11715.0	12432.0	12899.0	13861.0	14681.0	15849.0	16975.0	18620.0	21076.0	23192.0	28133.0	35481.0	48917.0	83243.0	155146.0	377943.0	989054.0	2672535.0
Sample_IPO3916_G4_R1_val_1	17443.0	17278.0	17091.0	17720.0	17852.0	18600.0	18115.0	19064.0	18913.0	19844.0	20538.0	21031.0	21061.0	22971.0	23657.0	25814.0	27134.0	30054.0	33036.0	39966.0	48219.0	65762.0	112997.0	209241.0	576899.0	1490094.0	4425299.0
Sample_IPO3916_G4_R2_val_2	19888.0	19525.0	19511.0	20156.0	20599.0	21707.0	20984.0	22219.0	22496.0	23871.0	24846.0	25872.0	26437.0	28267.0	30148.0	32733.0	35152.0	40304.0	43908.0	52878.0	65250.0	88463.0	143018.0	256589.0	629785.0	1549792.0	4091295.0
Sample_IPO3916_G5_R1_val_1	285425.0	281514.0	270469.0	276177.0	283530.0	288909.0	291803.0	300013.0	295643.0	296414.0	299900.0	311030.0	316788.0	321911.0	321276.0	328197.0	333840.0	348094.0	355846.0	393319.0	429356.0	511549.0	684656.0	1050595.0	2235304.0	5647115.0	15015494.0
Sample_IPO3916_G5_R2_val_2	281723.0	274555.0	265768.0	269461.0	278188.0	285549.0	286020.0	291133.0	287743.0	288200.0	291070.0	307785.0	309416.0	308146.0	313066.0	316804.0	323637.0	342361.0	339452.0	366671.0	404691.0	488267.0	660368.0	1032917.0	2231106.0	5863713.0	15066357.0
Sample_IPO3916_G6_R1_val_1	14152.0	14215.0	13399.0	14231.0	14241.0	14942.0	14370.0	15955.0	15441.0	16598.0	16517.0	17179.0	16852.0	19967.0	18799.0	21334.0	21885.0	23415.0	25137.0	33418.0	35940.0	49782.0	73489.0	128774.0	328031.0	913618.0	2635995.0
Sample_IPO3916_G6_R2_val_2	15098.0	14839.0	14397.0	14896.0	15211.0	16214.0	15602.0	16384.0	16716.0	17437.0	18028.0	18962.0	18813.0	20794.0	21362.0	23329.0	25392.0	27910.0	29308.0	35606.0	42596.0	58047.0	89432.0	150052.0	357143.0	950963.0	2483145.0
Sample_IPO3916_G7_R1_val_1	25991.0	26315.0	26635.0	27235.0	27652.0	27844.0	28197.0	29885.0	29882.0	30983.0	32056.0	32692.0	34012.0	36774.0	37606.0	40581.0	43569.0	46420.0	52388.0	62531.0	74745.0	99328.0	156062.0	286189.0	732534.0	1937230.0	5317299.0
Sample_IPO3916_G7_R2_val_2	27124.0	26927.0	27643.0	28071.0	28488.0	28889.0	29411.0	30373.0	31099.0	32221.0	33186.0	34593.0	36315.0	38739.0	40285.0	43201.0	47156.0	51136.0	56167.0	66210.0	81334.0	108521.0	170867.0	308173.0	774744.0	2006535.0	5115227.0
Sample_IPO3916_G8_R1_val_1	7530.0	7797.0	7927.0	8140.0	8292.0	8271.0	8521.0	8723.0	9109.0	9284.0	9785.0	10241.0	10622.0	11168.0	12085.0	12710.0	13913.0	15311.0	17862.0	20620.0	25816.0	34849.0	59023.0	116250.0	303547.0	826627.0	2524663.0
Sample_IPO3916_G8_R2_val_2	8345.0	8643.0	8691.0	8958.0	9346.0	9340.0	9531.0	9749.0	10263.0	10559.0	11106.0	11870.0	12270.0	13255.0	14440.0	15146.0	16694.0	18893.0	21063.0	24795.0	30756.0	42565.0	69322.0	133587.0	325101.0	859934.0	2394464.0
Sample_IPO3916_G9_R1_val_1	15110.0	15789.0	14995.0	16009.0	16040.0	16557.0	16564.0	18839.0	17996.0	19429.0	20004.0	19982.0	21192.0	25397.0	24296.0	28660.0	30454.0	33149.0	37935.0	49532.0	58780.0	82147.0	132348.0	246130.0	636172.0	1714924.0	4874609.0
Sample_IPO3916_G9_R2_val_2	14983.0	14960.0	14862.0	15102.0	15638.0	16554.0	16436.0	17510.0	17436.0	18567.0	19447.0	20367.0	21550.0	24003.0	24912.0	27683.0	30334.0	34518.0	37726.0	47281.0	59005.0	82641.0	138766.0	259616.0	664036.0	1792346.0	4756760.0
Sample_IPO3916_H10_R1_val_1	20552.0	20878.0	20921.0	21263.0	22121.0	22184.0	22743.0	23926.0	24406.0	24946.0	25706.0	26414.0	27597.0	29309.0	31291.0	33241.0	36612.0	40639.0	46487.0	55354.0	69182.0	91623.0	153014.0	283463.0	711652.0	1801819.0	5300225.0
Sample_IPO3916_H10_R2_val_2	21234.0	21543.0	21535.0	21812.0	22719.0	22791.0	23442.0	24430.0	25096.0	25836.0	26277.0	27136.0	28316.0	30134.0	32229.0	33843.0	37218.0	42127.0	46253.0	54557.0	68439.0	91848.0	150112.0	283579.0	717233.0	1858716.0	5229113.0
Sample_IPO3916_H11_R1_val_1	1548703.0	1569139.0	1580386.0	1602362.0	1629327.0	1593233.0	1603178.0	1606449.0	1629065.0	1650479.0	1669199.0	1725291.0	1723346.0	1760107.0	1751565.0	1769938.0	1791775.0	1808210.0	1861969.0	1957030.0	2094339.0	2324449.0	2905740.0	4290090.0	9080590.0	22810872.0	58759479.0
Sample_IPO3916_H11_R2_val_2	1551373.0	1572666.0	1586238.0	1607903.0	1635319.0	1600125.0	1607588.0	1608162.0	1635604.0	1656354.0	1676560.0	1736604.0	1737151.0	1773053.0	1770363.0	1792773.0	1813449.0	1848244.0	1889510.0	1984784.0	2145810.0	2412185.0	3041899.0	4522008.0	9526793.0	23782068.0	56581724.0
Sample_IPO3916_H12_R1_val_1	2083631.0	2081777.0	2014141.0	2115137.0	2094769.0	2146538.0	2130648.0	2176594.0	2154259.0	2234110.0	2259457.0	2308408.0	2365592.0	2297380.0	2334071.0	2301012.0	2427552.0	2405608.0	2552774.0	2551100.0	2738729.0	2978061.0	3525768.0	4729684.0	9207160.0	22687433.0	60592723.0
Sample_IPO3916_H12_R2_val_2	2069039.0	2060281.0	1996503.0	2097356.0	2077515.0	2138966.0	2108476.0	2151958.0	2124181.0	2216562.0	2230506.0	2308233.0	2346181.0	2268975.0	2309768.0	2284247.0	2406266.0	2423616.0	2530992.0	2531508.0	2717538.0	3018197.0	3593815.0	4921873.0	9575501.0	23813599.0	59172464.0
Sample_IPO3916_H1_R1_val_1	23844.0	22623.0	21506.0	21723.0	22454.0	22696.0	22284.0	24019.0	23669.0	24150.0	24459.0	24867.0	25631.0	26218.0	26594.0	28075.0	28252.0	30209.0	31354.0	36423.0	41357.0	52353.0	82276.0	133016.0	324080.0	891438.0	2556765.0
Sample_IPO3916_H1_R2_val_2	24791.0	23200.0	22489.0	22489.0	23658.0	23895.0	23269.0	25116.0	24970.0	25419.0	25893.0	26699.0	27521.0	27751.0	29246.0	30542.0	31425.0	34181.0	35199.0	40352.0	47539.0	60966.0	92562.0	154630.0	349039.0	928459.0	2411035.0
Sample_IPO3916_H2_R1_val_1	5747.0	5951.0	6081.0	6275.0	6703.0	5982.0	6152.0	6388.0	6606.0	6705.0	6964.0	6908.0	7245.0	7468.0	8034.0	8090.0	8606.0	9232.0	10302.0	11655.0	14314.0	19209.0	39180.0	67927.0	176043.0	488712.0	1459548.0
Sample_IPO3916_H2_R2_val_2	6467.0	6693.0	6890.0	6963.0	7643.0	6876.0	6969.0	7743.0	7786.0	8031.0	8180.0	8260.0	8915.0	9073.0	10056.0	10301.0	11113.0	12291.0	13733.0	16328.0	19698.0	26639.0	46141.0	84394.0	190789.0	511254.0	1352801.0
Sample_IPO3916_H3_R1_val_1	14354.0	14420.0	14697.0	14757.0	15804.0	15498.0	15848.0	15854.0	16264.0	16773.0	17404.0	17783.0	18951.0	19449.0	20506.0	21565.0	22909.0	24825.0	27823.0	32829.0	39670.0	52050.0	87212.0	156316.0	403956.0	1073433.0	3194866.0
Sample_IPO3916_H3_R2_val_2	15237.0	15323.0	15648.0	15848.0	16896.0	16348.0	16817.0	17376.0	17628.0	18020.0	18830.0	19656.0	20877.0	21731.0	22999.0	24619.0	25934.0	28704.0	31284.0	37429.0	44875.0	59784.0	98234.0	175123.0	426461.0	1115480.0	3048655.0
Sample_IPO3916_H4_R1_val_1	12804.0	13280.0	13548.0	13710.0	14328.0	14293.0	14496.0	15147.0	15604.0	16640.0	16725.0	17129.0	18111.0	19877.0	20853.0	22633.0	24474.0	26968.0	30600.0	36338.0	45185.0	60358.0	95024.0	174012.0	435281.0	1137406.0	3259604.0
Sample_IPO3916_H4_R2_val_2	12980.0	13095.0	13550.0	13466.0	14129.0	14408.0	14552.0	14761.0	15480.0	16039.0	16594.0	17417.0	18502.0	19944.0	21013.0	23121.0	25193.0	28202.0	31472.0	36415.0	47093.0	63732.0	101579.0	186500.0	456926.0	1181258.0	3167007.0
Sample_IPO3916_H5_R1_val_1	12222.0	11521.0	10705.0	11302.0	11374.0	12097.0	11379.0	12434.0	11573.0	12526.0	12605.0	13222.0	12592.0	14698.0	13871.0	15520.0	16074.0	17483.0	18465.0	24013.0	26405.0	37014.0	60973.0	111271.0	272882.0	756427.0	1994116.0
Sample_IPO3916_H5_R2_val_2	13265.0	12210.0	11829.0	12157.0	12524.0	13476.0	12579.0	13480.0	13260.0	13998.0	14360.0	15410.0	15130.0	16051.0	17012.0	18213.0	19518.0	22285.0	23498.0	28345.0	34974.0	47123.0	74496.0	132652.0	297125.0	779519.0	1850275.0
Sample_IPO3916_H6_R1_val_1	23528.0	23359.0	20903.0	22439.0	22457.0	23858.0	22224.0	25877.0	23138.0	26190.0	25895.0	26679.0	25210.0	30816.0	27729.0	31666.0	32000.0	32993.0	33703.0	46077.0	46487.0	61744.0	86273.0	140172.0	336669.0	909703.0	2645532.0
Sample_IPO3916_H6_R2_val_2	23901.0	21995.0	20958.0	21607.0	22030.0	24363.0	22566.0	23524.0	23349.0	24827.0	25492.0	27580.0	26019.0	27844.0	28154.0	30895.0	32660.0	35460.0	35701.0	42615.0	49401.0	65042.0	97861.0	153772.0	358426.0	958078.0	2549201.0
Sample_IPO3916_H7_R1_val_1	15449.0	15568.0	15826.0	15896.0	16525.0	16472.0	17108.0	17574.0	17991.0	18796.0	19007.0	19982.0	20966.0	22483.0	23543.0	25419.0	27440.0	30665.0	34979.0	41729.0	52813.0	72083.0	117291.0	214982.0	544793.0	1430728.0	3910787.0
Sample_IPO3916_H7_R2_val_2	15841.0	15787.0	16095.0	16177.0	16907.0	16958.0	17267.0	18034.0	18442.0	19079.0	19578.0	20584.0	21683.0	23114.0	24620.0	26431.0	28657.0	32269.0	35846.0	42256.0	53594.0	72940.0	119048.0	224351.0	561434.0	1477213.0	3822690.0
Sample_IPO3916_H8_R1_val_1	5887.0	6397.0	6330.0	6546.0	6607.0	6775.0	6962.0	7340.0	7749.0	7806.0	8329.0	8691.0	9181.0	10109.0	10713.0	11516.0	13051.0	14752.0	17329.0	20505.0	26745.0	37281.0	61945.0	119669.0	304447.0	806268.0	2346052.0
Sample_IPO3916_H8_R2_val_2	6184.0	6488.0	6415.0	6700.0	6950.0	7050.0	7228.0	7581.0	7888.0	8130.0	8626.0	8905.0	9648.0	10609.0	11152.0	12187.0	13657.0	15548.0	17432.0	21456.0	28072.0	39136.0	64958.0	126859.0	316533.0	835341.0	2284249.0
Sample_IPO3916_H9_R1_val_1	7840.0	7410.0	7589.0	7652.0	7925.0	8112.0	8180.0	8521.0	8569.0	8943.0	9299.0	9542.0	9731.0	10386.0	10824.0	11492.0	12526.0	13697.0	15468.0	18327.0	22505.0	30096.0	49758.0	91232.0	240106.0	664096.0	1944033.0
Sample_IPO3916_H9_R2_val_2	8541.0	8108.0	8435.0	8546.0	8775.0	9102.0	9136.0	9399.0	9532.0	10165.0	10615.0	11008.0	11490.0	12207.0	13024.0	13903.0	15189.0	16821.0	18497.0	22246.0	27230.0	36162.0	58505.0	105447.0	262529.0	687190.0	1832057.0
Sample_IPO3917_A10_R1_val_1	4242.0	4279.0	4313.0	4506.0	4672.0	4551.0	4808.0	4984.0	4984.0	5125.0	5308.0	5759.0	6055.0	6367.0	6655.0	7446.0	8134.0	8935.0	10370.0	12859.0	16535.0	23482.0	42898.0	87444.0	247099.0	689228.0	1966394.0
Sample_IPO3917_A10_R2_val_2	5164.0	5201.0	5312.0	5513.0	5830.0	5701.0	5951.0	6255.0	6353.0	6533.0	6917.0	7563.0	8074.0	8656.0	9192.0	9980.0	10902.0	12474.0	14451.0	17276.0	22283.0	31326.0	53614.0	103844.0	272058.0	708962.0	1842047.0
Sample_IPO3917_A11_R1_val_1	14037.0	13973.0	14365.0	14707.0	15267.0	15270.0	15899.0	16505.0	16755.0	17423.0	18172.0	18931.0	19955.0	21515.0	22596.0	24322.0	26557.0	29399.0	34349.0	41646.0	52631.0	72179.0	118772.0	229626.0	595879.0	1576433.0	4464914.0
Sample_IPO3917_A11_R2_val_2	14485.0	14518.0	14928.0	15227.0	16046.0	15864.0	16482.0	16976.0	17463.0	18313.0	19099.0	20032.0	20891.0	22372.0	24008.0	25719.0	27937.0	31217.0	35892.0	42986.0	54146.0	74689.0	122738.0	236435.0	612073.0	1623613.0	4367928.0
Sample_IPO3917_A12_R1_val_1	12815.0	13969.0	13302.0	14674.0	14646.0	14942.0	14961.0	17312.0	16510.0	18412.0	18628.0	18713.0	19852.0	23915.0	23514.0	26956.0	28760.0	31638.0	36338.0	49406.0	57995.0	82576.0	135971.0	252072.0	641997.0	1743383.0	5006129.0
Sample_IPO3917_A12_R2_val_2	12904.0	13284.0	13214.0	14241.0	14369.0	14756.0	14594.0	16111.0	16367.0	17447.0	18053.0	18720.0	19903.0	22145.0	23408.0	25883.0	28062.0	31013.0	35296.0	45504.0	56083.0	80574.0	136783.0	253603.0	653193.0	1816081.0	4937795.0
Sample_IPO3917_A1_R1_val_1	30502.0	31537.0	32645.0	33650.0	32083.0	31548.0	32963.0	34451.0	35360.0	34653.0	34340.0	36343.0	37695.0	40087.0	39276.0	40354.0	43261.0	47486.0	52196.0	57798.0	69139.0	91333.0	143270.0	255937.0	625235.0	1609047.0	4399702.0
Sample_IPO3917_A1_R2_val_2	30599.0	31630.0	31759.0	33002.0	32551.0	32197.0	33297.0	33810.0	35118.0	35274.0	34939.0	37062.0	38481.0	41359.0	40581.0	41563.0	44985.0	49120.0	55151.0	58459.0	70418.0	94599.0	149260.0	272575.0	638827.0	1658078.0	4297197.0
Sample_IPO3917_A2_R1_val_1	22564.0	23025.0	23433.0	24433.0	24738.0	24871.0	25967.0	26691.0	27793.0	29201.0	29929.0	31706.0	33152.0	36032.0	38071.0	42160.0	46999.0	52737.0	62583.0	75223.0	97737.0	132456.0	221743.0	416030.0	1025175.0	2614738.0	7032084.0
Sample_IPO3917_A2_R2_val_2	22197.0	22541.0	22727.0	24045.0	24048.0	24276.0	25067.0	25685.0	26572.0	27914.0	28498.0	30153.0	31425.0	34026.0	36192.0	39179.0	42800.0	48113.0	55092.0	65819.0	84600.0	117872.0	201780.0	391009.0	1015933.0	2682216.0	7091492.0
Sample_IPO3917_A3_R1_val_1	6942.0	6902.0	7138.0	7498.0	7814.0	7802.0	8141.0	8225.0	8635.0	8886.0	9442.0	9861.0	10507.0	11009.0	11718.0	12695.0	13847.0	15318.0	18267.0	21628.0	27519.0	37363.0	61345.0	119305.0	304624.0	804945.0	2378213.0
Sample_IPO3917_A3_R2_val_2	6938.0	7020.0	7130.0	7514.0	7767.0	7841.0	8037.0	8163.0	8437.0	8718.0	9407.0	9677.0	10268.0	10972.0	11999.0	12336.0	13515.0	15330.0	17297.0	20716.0	26390.0	36676.0	60325.0	120515.0	309850.0	833727.0	2349024.0
Sample_IPO3917_A4_R1_val_1	11564.0	12049.0	11939.0	12522.0	12616.0	12985.0	13524.0	13962.0	14181.0	14915.0	15457.0	16035.0	16862.0	18333.0	18795.0	21201.0	22843.0	25359.0	29198.0	35316.0	43956.0	60793.0	94007.0	169288.0	412952.0	1043642.0	2925433.0
Sample_IPO3917_A4_R2_val_2	11364.0	11591.0	11641.0	11970.0	12128.0	12548.0	12993.0	13031.0	13446.0	13817.0	14450.0	15142.0	16049.0	16889.0	17957.0	19511.0	21249.0	23274.0	26497.0	31057.0	39035.0	53830.0	86538.0	159808.0	411705.0	1070875.0	2951332.0
Sample_IPO3917_A5_R1_val_1	190600.0	183901.0	173384.0	178792.0	182599.0	201290.0	184137.0	197405.0	185166.0	191092.0	193653.0	213511.0	200573.0	209086.0	203296.0	208620.0	211541.0	229012.0	221589.0	260411.0	263688.0	323553.0	421890.0	639978.0	1353118.0	3540267.0	9803745.0
Sample_IPO3917_A5_R2_val_2	187008.0	174932.0	168796.0	170899.0	177076.0	198538.0	178989.0	184538.0	177958.0	180807.0	185894.0	210999.0	193717.0	190727.0	194256.0	195026.0	202159.0	224809.0	208937.0	227291.0	244857.0	304254.0	415808.0	641418.0	1371113.0	3718776.0	9836315.0
Sample_IPO3917_A6_R1_val_1	15247.0	16080.0	15619.0	16982.0	17670.0	17844.0	19063.0	20187.0	20272.0	21814.0	22903.0	23274.0	24714.0	29417.0	29503.0	34608.0	37655.0	41645.0	48332.0	63751.0	79142.0	109936.0	182981.0	340620.0	883438.0	2316125.0	6887045.0
Sample_IPO3917_A6_R2_val_2	15803.0	16467.0	16664.0	17379.0	18197.0	18642.0	19396.0	19989.0	20832.0	22253.0	23606.0	24590.0	26075.0	29548.0	31452.0	35519.0	39012.0	43706.0	50633.0	63331.0	81485.0	116551.0	191224.0	354909.0	930228.0	2406424.0	6701952.0
Sample_IPO3917_A7_R1_val_1	181166.0	181349.0	177385.0	180774.0	181714.0	187923.0	183180.0	186459.0	185566.0	190253.0	192364.0	199371.0	196416.0	201579.0	200476.0	203227.0	207405.0	213125.0	220728.0	241144.0	260896.0	308987.0	416950.0	668001.0	1507297.0	3964729.0	10393403.0
Sample_IPO3917_A7_R2_val_2	181559.0	180747.0	178054.0	180641.0	182322.0	189299.0	183906.0	185728.0	186239.0	189782.0	192956.0	201851.0	198218.0	201054.0	202991.0	204928.0	210337.0	219326.0	224047.0	239983.0	267525.0	320890.0	436055.0	703986.0	1582110.0	4080404.0	10106929.0
Sample_IPO3917_A8_R1_val_1	16608.0	17003.0	16922.0	17075.0	18589.0	18297.0	18696.0	19710.0	21356.0	20680.0	23601.0	22108.0	24134.0	26261.0	28668.0	29961.0	34863.0	35106.0	41555.0	51276.0	69191.0	83331.0	153850.0	247031.0	662262.0	1756844.0	4790723.0
Sample_IPO3917_A8_R2_val_2	17452.0	17658.0	17681.0	18326.0	19027.0	19429.0	19582.0	20355.0	21840.0	21786.0	24358.0	24064.0	25444.0	27990.0	30044.0	31904.0	36398.0	38425.0	43758.0	53158.0	72074.0	91333.0	163249.0	266488.0	700314.0	1810750.0	4632814.0
Sample_IPO3917_A9_R1_val_1	25801.0	26827.0	26409.0	27729.0	28519.0	29345.0	29576.0	31442.0	31202.0	33622.0	33865.0	35536.0	37299.0	40860.0	42043.0	46484.0	49502.0	54478.0	61194.0	77443.0	94289.0	129752.0	207390.0	386543.0	1009324.0	2721727.0	7774769.0
Sample_IPO3917_A9_R2_val_2	26739.0	27489.0	27510.0	28313.0	29658.0	30459.0	30834.0	31981.0	32604.0	34409.0	35216.0	37752.0	39479.0	42425.0	44864.0	48974.0	53037.0	58284.0	65474.0	80110.0	99500.0	138406.0	223125.0	413991.0	1055966.0	2814817.0	7541554.0
Sample_IPO3917_B10_R1_val_1	16310.0	16537.0	16428.0	16896.0	17785.0	17281.0	18297.0	18925.0	19551.0	20169.0	20883.0	21741.0	23164.0	24526.0	26060.0	28331.0	31106.0	34304.0	39830.0	48287.0	61530.0	83979.0	140030.0	262848.0	685062.0	1834662.0	5034926.0
Sample_IPO3917_B10_R2_val_2	16804.0	17123.0	17184.0	17570.0	18413.0	18027.0	18807.0	19849.0	20289.0	21151.0	22171.0	23133.0	24571.0	26219.0	27999.0	30286.0	33020.0	36749.0	41674.0	50658.0	64534.0	89829.0	147247.0	278990.0	714922.0	1894082.0	4888147.0
Sample_IPO3917_B11_R1_val_1	15890.0	16263.0	16247.0	17344.0	17499.0	17676.0	18530.0	19293.0	20023.0	20929.0	21746.0	22993.0	24321.0	26136.0	28000.0	30262.0	33674.0	37854.0	44584.0	54691.0	70138.0	97896.0	165637.0	317487.0	836343.0	2276829.0	6329340.0
Sample_IPO3917_B11_R2_val_2	16822.0	16856.0	17238.0	18488.0	18577.0	18777.0	19708.0	20144.0	21274.0	22365.0	23146.0	24448.0	26491.0	27953.0	30767.0	33119.0	36263.0	40918.0	47600.0	57780.0	74853.0	104421.0	175648.0	335571.0	876672.0	2352016.0	6139710.0
Sample_IPO3917_B12_R1_val_1	28826.0	30012.0	28361.0	29546.0	30239.0	31071.0	30379.0	33666.0	32655.0	35116.0	35248.0	36537.0	36743.0	42783.0	41669.0	46660.0	48264.0	51935.0	57626.0	73339.0	85173.0	114280.0	176994.0	311935.0	781005.0	2100961.0	5893591.0
Sample_IPO3917_B12_R2_val_2	28683.0	28108.0	27775.0	28413.0	29297.0	30702.0	29950.0	31217.0	31345.0	33314.0	34066.0	36044.0	36282.0	39517.0	40919.0	43997.0	46871.0	51270.0	56166.0	67826.0	81072.0	112227.0	177388.0	316100.0	803211.0	2185024.0	5817830.0
Sample_IPO3917_B1_R1_val_1	18849.0	18976.0	17866.0	18870.0	18911.0	20204.0	19453.0	20458.0	20245.0	21134.0	21497.0	21957.0	21713.0	24006.0	23444.0	25842.0	26468.0	27869.0	29573.0	36694.0	41392.0	53554.0	79334.0	134083.0	330169.0	876437.0	2432552.0
Sample_IPO3917_B1_R2_val_2	19115.0	18929.0	18024.0	18637.0	18825.0	20515.0	19643.0	20374.0	20158.0	21137.0	21596.0	22929.0	22201.0	23742.0	24099.0	26118.0	27160.0	28986.0	30542.0	36148.0	42599.0	57181.0	84647.0	141701.0	347588.0	908582.0	2360374.0
Sample_IPO3917_B2_R1_val_1	5491.0	5774.0	5836.0	6037.0	6241.0	6039.0	6298.0	6591.0	6562.0	6974.0	7217.0	7530.0	7917.0	8241.0	8621.0	9110.0	10044.0	11410.0	13060.0	15134.0	19674.0	27042.0	46223.0	91808.0	246531.0	664410.0	1956611.0
Sample_IPO3917_B2_R2_val_2	6416.0	6645.0	6841.0	7104.0	7197.0	7207.0	7454.0	7813.0	7878.0	8304.0	8768.0	9176.0	9761.0	10308.0	11066.0	11872.0	13057.0	14558.0	16975.0	20153.0	25380.0	35247.0	56940.0	108641.0	267977.0	685026.0	1834662.0
Sample_IPO3917_B3_R1_val_1	15779.0	17618.0	16473.0	17778.0	18282.0	18524.0	18157.0	22086.0	19927.0	22256.0	23013.0	23032.0	23683.0	30698.0	27893.0	33030.0	34981.0	36251.0	40382.0	60942.0	66235.0	94768.0	148999.0	260598.0	654076.0	1811614.0	5046845.0
Sample_IPO3917_B3_R2_val_2	15974.0	16563.0	16310.0	17666.0	18142.0	19097.0	18405.0	20019.0	19690.0	21691.0	22453.0	23813.0	24346.0	27580.0	28089.0	32380.0	35178.0	37509.0	41227.0	55017.0	66278.0	96791.0	156603.0	268520.0	680694.0	1880824.0	4943061.0
Sample_IPO3917_B4_R1_val_1	12174.0	12381.0	12657.0	13315.0	13779.0	14003.0	14383.0	14991.0	15837.0	16193.0	17009.0	17904.0	19544.0	20616.0	22617.0	24013.0	26640.0	29750.0	35405.0	42249.0	54657.0	74238.0	123379.0	240135.0	613006.0	1651026.0	5151720.0
Sample_IPO3917_B4_R2_val_2	12753.0	12876.0	13425.0	13810.0	14345.0	14604.0	14801.0	15864.0	16313.0	17008.0	17781.0	18878.0	20554.0	22134.0	24024.0	25631.0	28099.0	32327.0	37464.0	44327.0	57470.0	79822.0	129975.0	255673.0	640241.0	1696731.0	5026691.0
Sample_IPO3917_B5_R1_val_1	16346.0	16306.0	14606.0	15447.0	15941.0	16262.0	15682.0	18035.0	17291.0	18131.0	18583.0	18999.0	18877.0	23095.0	21932.0	25260.0	26314.0	28914.0	32027.0	44387.0	51582.0	72411.0	121687.0	234353.0	576714.0	1588117.0	4411211.0
Sample_IPO3917_B5_R2_val_2	17205.0	16223.0	15343.0	15954.0	16295.0	17193.0	16488.0	17779.0	17910.0	18660.0	19393.0	20745.0	20773.0	22751.0	24047.0	26845.0	28291.0	32012.0	35327.0	44836.0	55636.0	78492.0	131365.0	253385.0	600985.0	1652432.0	4262145.0
Sample_IPO3917_B6_R1_val_1	18648.0	19570.0	18982.0	20336.0	20460.0	20749.0	21130.0	23414.0	22756.0	24430.0	25421.0	25091.0	26392.0	30615.0	30263.0	34590.0	36886.0	39155.0	44787.0	57993.0	68796.0	92226.0	148591.0	261176.0	664831.0	1765980.0	5132437.0
Sample_IPO3917_B6_R2_val_2	18427.0	18740.0	18568.0	19786.0	19865.0	20844.0	20764.0	21864.0	22072.0	23458.0	24587.0	25414.0	26368.0	29011.0	30313.0	33536.0	36438.0	39841.0	44633.0	54779.0	68152.0	94153.0	152918.0	269541.0	695718.0	1830395.0	5035520.0
Sample_IPO3917_B7_R1_val_1	22192.0	23923.0	22748.0	24500.0	24480.0	24990.0	25432.0	28693.0	27363.0	29957.0	30510.0	30255.0	32093.0	37450.0	36269.0	41713.0	42921.0	47579.0	53007.0	68955.0	80909.0	108255.0	167644.0	302307.0	742623.0	1970077.0	5607505.0
Sample_IPO3917_B7_R2_val_2	21112.0	21204.0	21223.0	22238.0	22515.0	23624.0	23770.0	24508.0	24820.0	26647.0	27572.0	28591.0	29784.0	32345.0	33501.0	37412.0	39156.0	43362.0	48841.0	59339.0	73832.0	102524.0	163709.0	294251.0	756024.0	2053110.0	5599336.0
Sample_IPO3917_B8_R1_val_1	15618.0	15891.0	15877.0	16484.0	17128.0	16803.0	17507.0	18758.0	19825.0	19449.0	21932.0	20377.0	22773.0	25457.0	26623.0	28261.0	33150.0	33297.0	39734.0	48879.0	63661.0	79359.0	135077.0	226742.0	581858.0	1505041.0	4041602.0
Sample_IPO3917_B8_R2_val_2	14169.0	14000.0	14072.0	14570.0	14556.0	15260.0	15342.0	15991.0	16653.0	16998.0	18261.0	18484.0	20060.0	21594.0	23102.0	24444.0	27688.0	28950.0	33691.0	40539.0	55033.0	71057.0	125844.0	218176.0	599752.0	1574236.0	4054641.0
Sample_IPO3917_B9_R1_val_1	12679.0	13089.0	13568.0	13939.0	14018.0	14420.0	14982.0	15294.0	16114.0	16784.0	18073.0	18896.0	19850.0	21483.0	23178.0	25097.0	28282.0	31499.0	36939.0	45908.0	59326.0	82744.0	140109.0	275232.0	737153.0	1986474.0	5537486.0
Sample_IPO3917_B9_R2_val_2	13108.0	13445.0	13939.0	14319.0	14589.0	14787.0	15691.0	15845.0	16545.0	17424.0	18358.0	19449.0	20872.0	22301.0	24379.0	26217.0	29075.0	32591.0	37957.0	45956.0	60255.0	84549.0	144014.0	287131.0	768527.0	2043234.0	5418059.0
Sample_IPO3917_C10_R1_val_1	33680.0	34752.0	33233.0	35795.0	35885.0	38833.0	36471.0	42241.0	40033.0	43817.0	44904.0	47152.0	46871.0	54977.0	53378.0	62283.0	65035.0	70295.0	77161.0	105320.0	119231.0	165828.0	257680.0	457904.0	1163382.0	3179868.0	9020942.0
Sample_IPO3917_C10_R2_val_2	33653.0	33548.0	33315.0	35171.0	35641.0	39069.0	36678.0	39918.0	39447.0	42593.0	44313.0	47299.0	47232.0	52078.0	53243.0	60872.0	64406.0	70170.0	75503.0	96803.0	115552.0	162911.0	261436.0	463412.0	1196419.0	3292757.0	8893512.0
Sample_IPO3917_C11_R1_val_1	21396.0	22123.0	22173.0	22929.0	23652.0	24048.0	24643.0	25784.0	26181.0	28196.0	28786.0	30072.0	31548.0	34572.0	36085.0	39297.0	43252.0	48246.0	55176.0	68689.0	86238.0	118759.0	198623.0	377051.0	979813.0	2629255.0	7279587.0
Sample_IPO3917_C11_R2_val_2	22616.0	23184.0	23438.0	24117.0	24952.0	25548.0	25924.0	26777.0	27909.0	29630.0	30796.0	32123.0	34205.0	36978.0	39273.0	42563.0	46435.0	52374.0	59317.0	71983.0	90791.0	127098.0	210600.0	396426.0	1034657.0	2706300.0	7060160.0
Sample_IPO3917_C12_R1_val_1	16471.0	16864.0	16888.0	17129.0	17770.0	17777.0	18254.0	18914.0	19013.0	20030.0	20553.0	21253.0	22498.0	23924.0	24793.0	26929.0	28694.0	31674.0	36145.0	43442.0	53786.0	72638.0	116794.0	212893.0	548591.0	1499563.0	4181664.0
Sample_IPO3917_C12_R2_val_2	17094.0	17178.0	17528.0	17714.0	18417.0	18581.0	19039.0	19332.0	19589.0	20602.0	21540.0	22699.0	23566.0	24811.0	26445.0	28273.0	30882.0	33241.0	37653.0	45184.0	56192.0	77105.0	123677.0	225181.0	576957.0	1548772.0	4057692.0
Sample_IPO3917_C1_R1_val_1	19586.0	19816.0	18769.0	19747.0	19784.0	20383.0	19899.0	22245.0	20983.0	22618.0	22907.0	23326.0	23782.0	26456.0	25811.0	28456.0	29596.0	31265.0	34175.0	42244.0	48573.0	63086.0	93537.0	161972.0	387341.0	1024232.0	2901408.0
Sample_IPO3917_C1_R2_val_2	18609.0	17901.0	17584.0	18144.0	18276.0	19549.0	18760.0	19583.0	19364.0	20398.0	20786.0	22167.0	21945.0	22891.0	23943.0	25419.0	27261.0	29035.0	31339.0	36617.0	43840.0	58589.0	89093.0	159135.0	392664.0	1069836.0	2909269.0
Sample_IPO3917_C2_R1_val_1	23015.0	23541.0	23164.0	23975.0	24894.0	24719.0	25475.0	25869.0	26552.0	27220.0	27987.0	28604.0	29664.0	30654.0	32344.0	33825.0	35958.0	38552.0	43345.0	49831.0	60271.0	78432.0	123290.0	227219.0	566034.0	1478171.0	4571246.0
Sample_IPO3917_C2_R2_val_2	23729.0	24339.0	24145.0	24906.0	25839.0	25799.0	26373.0	26928.0	27410.0	28401.0	28953.0	29715.0	31344.0	32621.0	34512.0	35811.0	38113.0	40911.0	45582.0	52408.0	64097.0	84688.0	128244.0	243342.0	582947.0	1522994.0	4449700.0
Sample_IPO3917_C3_R1_val_1	17069.0	17875.0	19366.0	20004.0	19237.0	19004.0	20733.0	21784.0	23087.0	22312.0	23221.0	25847.0	28576.0	30242.0	30177.0	32804.0	37153.0	43719.0	51889.0	59242.0	77652.0	110094.0	191944.0	364766.0	940115.0	2561115.0	7182575.0
Sample_IPO3917_C3_R2_val_2	18499.0	19097.0	19924.0	21105.0	21061.0	20861.0	22389.0	23072.0	25316.0	24654.0	26025.0	28354.0	30797.0	34064.0	34270.0	37374.0	42405.0	48487.0	58208.0	65942.0	85868.0	122805.0	207718.0	401029.0	989505.0	2634669.0	6928104.0
Sample_IPO3917_C4_R1_val_1	12896.0	13175.0	13405.0	13750.0	14077.0	14331.0	15046.0	15340.0	15733.0	16290.0	17200.0	17885.0	18960.0	19929.0	21045.0	22611.0	24877.0	27990.0	32135.0	37985.0	47797.0	66179.0	111119.0	226933.0	602956.0	1669118.0	5293702.0
Sample_IPO3917_C4_R2_val_2	15506.0	15865.0	16357.0	16774.0	17343.0	17710.0	18458.0	19071.0	19803.0	20618.0	21914.0	23173.0	24613.0	26248.0	28441.0	30607.0	33399.0	37722.0	43840.0	51583.0	65447.0	90234.0	143123.0	273758.0	665464.0	1724042.0	4941351.0
Sample_IPO3917_C5_R1_val_1	159749.0	158822.0	150709.0	157321.0	162447.0	166201.0	158425.0	167787.0	164202.0	165750.0	171155.0	181663.0	183718.0	181592.0	180550.0	185038.0	187875.0	201649.0	202047.0	227306.0	249263.0	308222.0	446676.0	732411.0	1681240.0	4481868.0	12678849.0
Sample_IPO3917_C5_R2_val_2	160453.0	157837.0	151006.0	157082.0	163019.0	167334.0	158670.0	166589.0	164527.0	165149.0	172073.0	183838.0	185414.0	179748.0	182967.0	186449.0	190005.0	206852.0	206273.0	225701.0	254246.0	319723.0	464534.0	778993.0	1743576.0	4649500.0	12350977.0
Sample_IPO3917_C6_R1_val_1	13575.0	15153.0	13941.0	15109.0	14810.0	14718.0	15072.0	17832.0	16629.0	18344.0	18314.0	18001.0	18794.0	23651.0	22048.0	25349.0	26924.0	28080.0	31538.0	43997.0	50038.0	69291.0	104371.0	183587.0	447921.0	1167478.0	2998231.0
Sample_IPO3917_C6_R2_val_2	13776.0	14010.0	13694.0	14552.0	14481.0	14952.0	15046.0	15702.0	15985.0	17373.0	17786.0	18109.0	19004.0	20955.0	21465.0	24380.0	26025.0	28172.0	30875.0	39769.0	47872.0	67876.0	106135.0	184401.0	457622.0	1205881.0	2966898.0
Sample_IPO3917_C7_R1_val_1	15694.0	16102.0	16663.0	17313.0	18110.0	18241.0	19162.0	19734.0	20912.0	21840.0	23234.0	24891.0	26728.0	28911.0	31234.0	34341.0	38644.0	43823.0	52919.0	64582.0	84143.0	118124.0	194399.0	366165.0	920206.0	2457163.0	7010807.0
Sample_IPO3917_C7_R2_val_2	14928.0	15222.0	15910.0	16443.0	16900.0	16833.0	17863.0	18223.0	19318.0	20213.0	21272.0	22693.0	24761.0	26684.0	28936.0	31827.0	34975.0	39869.0	46844.0	57253.0	74747.0	107705.0	180628.0	356380.0	929059.0	2538531.0	7010068.0
Sample_IPO3917_C8_R1_val_1	9061.0	9252.0	9535.0	10115.0	10557.0	10463.0	10688.0	11416.0	11857.0	12483.0	13117.0	13835.0	15328.0	16246.0	17469.0	19203.0	21178.0	24755.0	29190.0	36263.0	48003.0	69693.0	129141.0	264359.0	693393.0	1954865.0	5308897.0
Sample_IPO3917_C8_R2_val_2	11081.0	11422.0	11909.0	12600.0	13243.0	12915.0	13482.0	14542.0	14811.0	16087.0	16775.0	17737.0	19697.0	21484.0	23511.0	25897.0	28060.0	32441.0	38685.0	47841.0	62605.0	88203.0	152252.0	302714.0	755841.0	2009428.0	5005099.0
Sample_IPO3917_C9_R1_val_1	21597.0	21839.0	22139.0	23002.0	23338.0	23512.0	23861.0	24910.0	25633.0	27079.0	27765.0	29172.0	30513.0	31744.0	33703.0	36152.0	39722.0	43583.0	50330.0	59824.0	75226.0	102780.0	170145.0	323590.0	841121.0	2168722.0	6482531.0
Sample_IPO3917_C9_R2_val_2	21608.0	21996.0	22515.0	23063.0	23544.0	23614.0	24024.0	25173.0	25894.0	26989.0	27852.0	29268.0	30598.0	31953.0	34608.0	36608.0	39572.0	43880.0	50022.0	58761.0	74189.0	102074.0	169887.0	332721.0	858763.0	2257540.0	6366817.0
Sample_IPO3917_D10_R1_val_1	9194.0	9109.0	8696.0	9170.0	9246.0	9618.0	9661.0	10571.0	10542.0	11048.0	11231.0	11723.0	12057.0	13553.0	14020.0	15389.0	16563.0	18830.0	21504.0	27165.0	33814.0	46953.0	77969.0	146902.0	373483.0	1007017.0	2733839.0
Sample_IPO3917_D10_R2_val_2	9456.0	9089.0	9050.0	9125.0	9536.0	9755.0	9867.0	10464.0	10830.0	11067.0	11247.0	12073.0	12570.0	13825.0	14445.0	15533.0	16896.0	19372.0	21918.0	26860.0	33630.0	47778.0	79807.0	152342.0	388075.0	1038730.0	2675527.0
Sample_IPO3917_D11_R1_val_1	13624.0	13836.0	14088.0	14739.0	14990.0	15382.0	15997.0	16490.0	17224.0	17621.0	18873.0	19297.0	20115.0	21488.0	23090.0	24697.0	27199.0	30494.0	35291.0	42139.0	54280.0	74588.0	124859.0	251387.0	657337.0	1803073.0	5456830.0
Sample_IPO3917_D11_R2_val_2	15135.0	15311.0	15617.0	16266.0	16740.0	17107.0	17841.0	18403.0	19123.0	19785.0	20988.0	21972.0	23228.0	24768.0	26931.0	28944.0	31497.0	35738.0	40551.0	48598.0	61719.0	86309.0	139575.0	275567.0	702353.0	1864535.0	5234427.0
Sample_IPO3917_D12_R1_val_1	11187.0	11296.0	11302.0	11706.0	11862.0	12552.0	12710.0	13214.0	13714.0	14061.0	14929.0	15750.0	16509.0	17597.0	18796.0	19984.0	21719.0	24574.0	28390.0	34285.0	43532.0	59994.0	97639.0	194030.0	498433.0	1346507.0	3979236.0
Sample_IPO3917_D12_R2_val_2	11475.0	11694.0	11770.0	12093.0	12327.0	12841.0	13215.0	13688.0	14153.0	14686.0	15540.0	16124.0	17364.0	18451.0	19619.0	21245.0	23029.0	25767.0	29332.0	35386.0	44642.0	62778.0	102239.0	204269.0	517094.0	1393593.0	3881094.0
Sample_IPO3917_D1_R1_val_1	14730.0	15149.0	15422.0	16316.0	16376.0	16309.0	16392.0	17059.0	17472.0	17978.0	18794.0	19376.0	20067.0	21236.0	21744.0	23323.0	24566.0	27376.0	30937.0	35213.0	42964.0	55783.0	88963.0	159233.0	393239.0	1037268.0	2903227.0
Sample_IPO3917_D1_R2_val_2	14631.0	14928.0	15257.0	15710.0	16074.0	16132.0	16299.0	16781.0	17283.0	17802.0	18468.0	19352.0	20132.0	21221.0	21975.0	23534.0	25154.0	27676.0	31115.0	35240.0	43895.0	58175.0	92437.0	168888.0	412289.0	1080735.0	2825329.0
Sample_IPO3917_D2_R1_val_1	14198.0	14540.0	13690.0	14241.0	14391.0	15239.0	14857.0	16484.0	15743.0	16539.0	17303.0	17622.0	17799.0	20870.0	19891.0	22031.0	23640.0	25486.0	27511.0	36747.0	41399.0	56562.0	86918.0	154957.0	386559.0	1043874.0	2971888.0
Sample_IPO3917_D2_R2_val_2	14834.0	14603.0	14429.0	14780.0	15030.0	16101.0	15614.0	16483.0	16333.0	17342.0	18232.0	19076.0	19097.0	21074.0	21587.0	23939.0	25511.0	28081.0	30466.0	37809.0	45452.0	63204.0	97277.0	168650.0	410038.0	1084648.0	2851289.0
Sample_IPO3917_D3_R1_val_1	9118.0	9325.0	9384.0	9650.0	10013.0	9643.0	9945.0	10449.0	10634.0	10778.0	11050.0	11470.0	12232.0	12567.0	12950.0	13488.0	14311.0	15544.0	17784.0	20306.0	25016.0	33023.0	58022.0	110919.0	274692.0	748608.0	2283584.0
Sample_IPO3917_D3_R2_val_2	9706.0	9820.0	10069.0	10378.0	10754.0	10340.0	10578.0	11203.0	11367.0	11753.0	12061.0	12493.0	13524.0	13910.0	14658.0	15228.0	16156.0	17621.0	20084.0	23136.0	28873.0	38808.0	63584.0	122674.0	289593.0	778756.0	2187378.0
Sample_IPO3917_D4_R1_val_1	17326.0	17863.0	17222.0	18309.0	19577.0	18507.0	19023.0	20952.0	20439.0	22045.0	22570.0	22932.0	24105.0	26807.0	27571.0	29962.0	31616.0	35535.0	41105.0	51683.0	62863.0	87685.0	152941.0	289530.0	707576.0	1899068.0	5448109.0
Sample_IPO3917_D4_R2_val_2	17789.0	17697.0	17416.0	18131.0	19695.0	18878.0	19229.0	20772.0	20501.0	21791.0	22455.0	23341.0	24544.0	26298.0	27971.0	30491.0	31739.0	35511.0	40856.0	50076.0	62379.0	88908.0	151817.0	300584.0	719616.0	1968900.0	5355536.0
Sample_IPO3917_D5_R1_val_1	288045.0	277307.0	265567.0	273001.0	277899.0	302443.0	279066.0	295023.0	284196.0	290657.0	293412.0	319957.0	305078.0	303801.0	305095.0	310097.0	311703.0	335274.0	323942.0	349376.0	377510.0	438998.0	590395.0	866371.0	1868202.0	4828136.0	13616771.0
Sample_IPO3917_D5_R2_val_2	288757.0	277620.0	266150.0	273514.0	278563.0	304716.0	280078.0	295906.0	284501.0	292210.0	293740.0	324663.0	307552.0	305287.0	307821.0	312479.0	314309.0	345651.0	329222.0	353976.0	383632.0	458971.0	615280.0	933139.0	1969703.0	5025291.0	13154591.0
Sample_IPO3917_D6_R1_val_1	9971.0	10456.0	10723.0	11170.0	11378.0	11393.0	11816.0	12525.0	12577.0	13306.0	14212.0	14088.0	15134.0	16957.0	17568.0	19569.0	21174.0	23224.0	27295.0	34192.0	42923.0	56815.0	94379.0	172209.0	428328.0	1140831.0	3051206.0
Sample_IPO3917_D6_R2_val_2	10916.0	11239.0	11634.0	12143.0	12479.0	12482.0	13016.0	13341.0	13759.0	14559.0	15650.0	15985.0	17140.0	18882.0	20115.0	22331.0	24214.0	27160.0	31277.0	37251.0	48699.0	65734.0	106930.0	187052.0	455106.0	1175415.0	2910910.0
Sample_IPO3917_D7_R1_val_1	18115.0	20084.0	17912.0	19941.0	19717.0	19964.0	19829.0	24642.0	21614.0	25261.0	24668.0	24812.0	24511.0	32218.0	29221.0	35879.0	36122.0	37512.0	41405.0	62070.0	66049.0	95335.0	139800.0	243273.0	604875.0	1646222.0	4774722.0
Sample_IPO3917_D7_R2_val_2	17580.0	17705.0	16958.0	18330.0	18382.0	19354.0	18888.0	20758.0	20466.0	22588.0	23012.0	23981.0	23822.0	27369.0	27449.0	32584.0	34181.0	36203.0	39293.0	52841.0	61589.0	89634.0	140829.0	243219.0	623640.0	1728971.0	4726147.0
Sample_IPO3917_D8_R1_val_1	3938.0	4189.0	4071.0	4223.0	4365.0	4439.0	4590.0	5121.0	5025.0	5489.0	5600.0	5703.0	5991.0	6933.0	6933.0	8090.0	8648.0	9739.0	11297.0	14708.0	17798.0	24912.0	40461.0	76382.0	196573.0	496862.0	1437891.0
Sample_IPO3917_D8_R2_val_2	3757.0	3867.0	3832.0	3971.0	4041.0	4234.0	4296.0	4473.0	4537.0	4810.0	5040.0	5389.0	5578.0	6134.0	6436.0	7203.0	7780.0	8693.0	9881.0	12275.0	15760.0	22186.0	37312.0	72249.0	197515.0	513893.0	1444829.0
Sample_IPO3917_D9_R1_val_1	15426.0	15391.0	16004.0	16102.0	16733.0	17048.0	17366.0	18572.0	19207.0	19702.0	20473.0	21586.0	22857.0	24509.0	26145.0	28452.0	31195.0	34770.0	41103.0	49657.0	64223.0	87494.0	147574.0	283042.0	744352.0	1936075.0	5740730.0
Sample_IPO3917_D9_R2_val_2	15632.0	15608.0	16315.0	16311.0	16649.0	17065.0	17497.0	18275.0	19071.0	19556.0	20344.0	21685.0	22755.0	24179.0	26305.0	28060.0	30766.0	34047.0	39453.0	47246.0	60808.0	85159.0	144196.0	282997.0	754163.0	1997299.0	5684347.0
Sample_IPO3917_E10_R1_val_1	18283.0	18733.0	18043.0	19351.0	19439.0	19432.0	19475.0	22356.0	21278.0	22989.0	23408.0	23872.0	24372.0	29028.0	27281.0	32012.0	34299.0	36314.0	41155.0	54626.0	63196.0	87914.0	140019.0	253568.0	647662.0	1743537.0	4828132.0
Sample_IPO3917_E10_R2_val_2	18731.0	18232.0	18409.0	19239.0	19577.0	20019.0	19960.0	21379.0	21253.0	22893.0	23700.0	24682.0	25251.0	27689.0	28724.0	32448.0	34800.0	37553.0	42414.0	52700.0	65412.0	91758.0	147680.0	263808.0	673830.0	1808467.0	4709166.0
Sample_IPO3917_E11_R1_val_1	12113.0	12391.0	12820.0	12905.0	13732.0	13883.0	14704.0	15190.0	15524.0	16139.0	17362.0	18417.0	19137.0	20672.0	22135.0	24257.0	26603.0	30190.0	35755.0	43260.0	55764.0	75991.0	126235.0	238007.0	615183.0	1574490.0	4675248.0
Sample_IPO3917_E11_R2_val_2	12462.0	12773.0	13215.0	13460.0	14202.0	14360.0	15075.0	15301.0	16063.0	16699.0	17637.0	18878.0	19970.0	21515.0	23300.0	25175.0	27513.0	31102.0	36029.0	43631.0	55612.0	77245.0	127863.0	243436.0	634833.0	1627735.0	4583023.0
Sample_IPO3917_E12_R1_val_1	12780.0	12827.0	12794.0	13502.0	13790.0	13618.0	14173.0	14839.0	15412.0	16014.0	16924.0	17466.0	18210.0	19653.0	20697.0	22183.0	24105.0	27854.0	33037.0	38860.0	49259.0	67964.0	112036.0	225301.0	585512.0	1510498.0	4325904.0
Sample_IPO3917_E12_R2_val_2	12804.0	12850.0	12711.0	13362.0	13654.0	13444.0	14083.0	14560.0	15183.0	15838.0	16387.0	17203.0	18023.0	19339.0	20220.0	21727.0	23552.0	26571.0	30731.0	36253.0	46904.0	65997.0	110402.0	224667.0	602738.0	1564403.0	4271606.0
Sample_IPO3917_E1_R1_val_1	8847.0	9049.0	9286.0	9306.0	9858.0	9610.0	9892.0	10383.0	10661.0	11026.0	11582.0	12062.0	13143.0	13590.0	14658.0	15751.0	17034.0	19567.0	22576.0	27464.0	35324.0	49212.0	86876.0	168598.0	439523.0	1212075.0	3535431.0
Sample_IPO3917_E1_R2_val_2	10079.0	10126.0	10416.0	10442.0	11298.0	10970.0	11445.0	12061.0	12439.0	13008.0	13884.0	14081.0	15556.0	16250.0	17566.0	19119.0	20829.0	23496.0	27445.0	33263.0	42345.0	59290.0	100604.0	191182.0	468861.0	1253761.0	3362568.0
Sample_IPO3917_E2_R1_val_1	14425.0	14883.0	14791.0	15202.0	15183.0	15747.0	15426.0	16689.0	17012.0	17124.0	17598.0	18468.0	18915.0	20377.0	20663.0	22089.0	23626.0	25514.0	28890.0	34452.0	41740.0	55296.0	90462.0	166973.0	428013.0	1139311.0	3231938.0
Sample_IPO3917_E2_R2_val_2	15041.0	15508.0	15285.0	15844.0	16083.0	16384.0	16112.0	17134.0	17635.0	17953.0	18590.0	19644.0	20013.0	21421.0	22180.0	23927.0	25288.0	27469.0	30841.0	36822.0	44588.0	60500.0	97341.0	177709.0	453323.0	1174951.0	3123221.0
Sample_IPO3917_E3_R1_val_1	27540.0	28007.0	26418.0	28222.0	27999.0	29892.0	28362.0	31091.0	29365.0	31954.0	31718.0	32947.0	32764.0	37537.0	36143.0	39917.0	41485.0	43066.0	45718.0	59750.0	64468.0	86844.0	128010.0	221064.0	524226.0	1404625.0	3991948.0
Sample_IPO3917_E3_R2_val_2	27155.0	26686.0	25981.0	27036.0	27435.0	29554.0	27764.0	29079.0	28286.0	30214.0	30702.0	32445.0	32088.0	34108.0	34985.0	37561.0	39544.0	42009.0	44434.0	54276.0	62429.0	85315.0	127997.0	223518.0	543120.0	1469262.0	3938097.0
Sample_IPO3917_E4_R1_val_1	22696.0	23531.0	23413.0	24511.0	25038.0	25346.0	25966.0	26729.0	27482.0	28986.0	30096.0	30225.0	32416.0	34522.0	35399.0	39356.0	43118.0	46081.0	54917.0	63505.0	77858.0	102807.0	162452.0	284548.0	681850.0	1782795.0	5104581.0
Sample_IPO3917_E4_R2_val_2	22448.0	22803.0	22946.0	23988.0	24494.0	25081.0	25625.0	26146.0	26863.0	28281.0	29461.0	30257.0	32269.0	33741.0	35686.0	39079.0	42961.0	46045.0	54123.0	61871.0	78094.0	105587.0	168233.0	295259.0	716702.0	1857931.0	4984250.0
Sample_IPO3917_E5_R1_val_1	18353.0	18567.0	18666.0	19356.0	20519.0	19942.0	21138.0	21608.0	23611.0	22750.0	25933.0	24603.0	26868.0	28482.0	31831.0	33240.0	38034.0	38921.0	46402.0	55235.0	74170.0	90299.0	156540.0	261020.0	658579.0	1682638.0	4681867.0
Sample_IPO3917_E5_R2_val_2	18514.0	18677.0	18593.0	19798.0	20352.0	20405.0	20974.0	21726.0	22847.0	23438.0	25494.0	25748.0	27463.0	29264.0	32029.0	34064.0	37992.0	40657.0	46942.0	56237.0	75584.0	95790.0	163350.0	274292.0	696239.0	1745954.0	4546749.0
Sample_IPO3917_E6_R1_val_1	17740.0	18945.0	17999.0	19041.0	19700.0	20056.0	19894.0	22637.0	22338.0	23871.0	24625.0	24358.0	25739.0	30781.0	30102.0	35220.0	37625.0	39019.0	44528.0	62179.0	71525.0	99831.0	159260.0	279400.0	731288.0	2006312.0	5795239.0
Sample_IPO3917_E6_R2_val_2	19118.0	19938.0	19203.0	20483.0	21009.0	22034.0	21443.0	23421.0	23638.0	25260.0	26448.0	27154.0	28425.0	31866.0	33478.0	38026.0	41443.0	44172.0	49915.0	64177.0	79280.0	110648.0	177846.0	303355.0	789685.0	2077831.0	5559956.0
Sample_IPO3917_E7_R1_val_1	29917.0	30306.0	27802.0	29869.0	30247.0	31740.0	30039.0	35942.0	32652.0	35932.0	36481.0	37539.0	36282.0	45878.0	42327.0	49291.0	51935.0	53379.0	58437.0	84807.0	89065.0	124009.0	186746.0	321062.0	780889.0	2114877.0	6110957.0
Sample_IPO3917_E7_R2_val_2	29315.0	28527.0	27286.0	28636.0	29157.0	31316.0	29304.0	32224.0	31571.0	34259.0	35083.0	36383.0	35893.0	40997.0	40684.0	47098.0	49538.0	52028.0	56118.0	73142.0	84646.0	122412.0	188907.0	319062.0	805399.0	2208586.0	6040836.0
Sample_IPO3917_E8_R1_val_1	11765.0	11702.0	12483.0	12682.0	13037.0	12999.0	13704.0	14294.0	14410.0	15154.0	15819.0	16655.0	17670.0	18660.0	20087.0	21976.0	24014.0	26976.0	31626.0	38351.0	48730.0	67217.0	111107.0	207381.0	534222.0	1423930.0	4047103.0
Sample_IPO3917_E8_R2_val_2	12165.0	12197.0	12856.0	13001.0	13406.0	13679.0	14150.0	14625.0	14864.0	15648.0	16485.0	16987.0	18566.0	19657.0	21193.0	23300.0	24854.0	28181.0	32068.0	38615.0	49801.0	68872.0	113925.0	216302.0	553372.0	1470982.0	3954003.0
Sample_IPO3917_E9_R1_val_1	13225.0	13444.0	13798.0	14204.0	14622.0	14800.0	15341.0	16028.0	16741.0	17070.0	18079.0	18965.0	20036.0	21488.0	22665.0	24527.0	26909.0	30234.0	35601.0	42405.0	54239.0	74062.0	124195.0	244801.0	645871.0	1777531.0	5014606.0
Sample_IPO3917_E9_R2_val_2	14304.0	14789.0	15013.0	15315.0	15819.0	16253.0	16673.0	17648.0	18288.0	18935.0	19813.0	21126.0	22254.0	24078.0	25922.0	28048.0	30493.0	34502.0	39875.0	47450.0	60522.0	84021.0	137259.0	267127.0	688316.0	1837253.0	4814391.0
Sample_IPO3917_F10_R1_val_1	5403.0	5545.0	5207.0	5487.0	5458.0	5768.0	5787.0	6652.0	6317.0	6668.0	6783.0	6824.0	7078.0	8424.0	7963.0	8947.0	9464.0	10424.0	11355.0	15387.0	17285.0	23606.0	38139.0	69716.0	178168.0	490502.0	1418313.0
Sample_IPO3917_F10_R2_val_2	5757.0	5648.0	5508.0	5747.0	5836.0	6196.0	6006.0	6675.0	6766.0	7191.0	7194.0	7648.0	7922.0	8767.0	8928.0	9978.0	10494.0	11482.0	12802.0	16254.0	19614.0	27173.0	42784.0	76099.0	189718.0	510840.0	1357643.0
Sample_IPO3917_F11_R1_val_1	12865.0	12920.0	13158.0	13700.0	14274.0	13870.0	14600.0	15005.0	15593.0	16183.0	16780.0	17641.0	18547.0	19594.0	20886.0	22653.0	24518.0	27360.0	31294.0	37350.0	47799.0	65232.0	108064.0	207245.0	530695.0	1440763.0	3944568.0
Sample_IPO3917_F11_R2_val_2	13626.0	13822.0	14085.0	14633.0	15293.0	14662.0	15481.0	16191.0	16536.0	17230.0	18240.0	19257.0	20210.0	21542.0	23291.0	25249.0	26706.0	29968.0	34696.0	40759.0	52719.0	71476.0	116733.0	223300.0	562038.0	1484667.0	3800747.0
Sample_IPO3917_F12_R1_val_1	16677.0	16933.0	17393.0	17815.0	18340.0	18282.0	18721.0	19375.0	19531.0	20573.0	20849.0	21734.0	23050.0	24257.0	25958.0	27339.0	29826.0	33234.0	38269.0	45255.0	56933.0	77359.0	130466.0	252577.0	657378.0	1752532.0	5116067.0
Sample_IPO3917_F12_R2_val_2	17281.0	17719.0	18395.0	18819.0	19048.0	18937.0	19845.0	20018.0	20493.0	21360.0	22148.0	23156.0	24865.0	26090.0	27875.0	29370.0	31800.0	35079.0	40032.0	47348.0	60269.0	81564.0	135924.0	263382.0	684075.0	1807163.0	4984668.0
Sample_IPO3917_F1_R1_val_1	9976.0	10896.0	9976.0	10906.0	10927.0	11558.0	10525.0	13222.0	12171.0	13167.0	13265.0	13607.0	13265.0	17473.0	15699.0	18341.0	18982.0	19402.0	20594.0	31784.0	33060.0	45479.0	68130.0	111595.0	270856.0	743192.0	2076976.0
Sample_IPO3917_F1_R2_val_2	9760.0	9595.0	9458.0	10200.0	10030.0	11128.0	10142.0	10936.0	10873.0	11914.0	12074.0	12942.0	12548.0	14379.0	14517.0	16521.0	17286.0	18282.0	19168.0	25775.0	29735.0	43189.0	68778.0	110004.0	280025.0	784673.0	2061092.0
Sample_IPO3917_F2_R1_val_1	8793.0	9552.0	9467.0	10775.0	11878.0	9963.0	10194.0	11229.0	11861.0	11617.0	12676.0	13231.0	15402.0	15650.0	16284.0	17297.0	18189.0	21038.0	25245.0	29761.0	38314.0	55000.0	106672.0	209184.0	512522.0	1432128.0	4069692.0
Sample_IPO3917_F2_R2_val_2	9738.0	10372.0	10385.0	11679.0	13060.0	11186.0	11312.0	12821.0	13278.0	13388.0	14624.0	14844.0	17455.0	17828.0	19057.0	20301.0	21329.0	24666.0	29051.0	34908.0	45036.0	64356.0	115990.0	233625.0	535839.0	1479778.0	3907708.0
Sample_IPO3917_F3_R1_val_1	13796.0	13750.0	13319.0	13552.0	14034.0	14621.0	13999.0	14572.0	14451.0	15459.0	15701.0	15919.0	16052.0	17511.0	17259.0	18771.0	20053.0	20774.0	22324.0	27848.0	30990.0	41347.0	62288.0	106618.0	260255.0	698346.0	1968905.0
Sample_IPO3917_F3_R2_val_2	13970.0	13832.0	13598.0	13727.0	14108.0	14851.0	14187.0	14552.0	14695.0	15426.0	15852.0	16244.0	16528.0	17533.0	17785.0	19070.0	20303.0	21515.0	22884.0	27297.0	32031.0	43557.0	65742.0	113278.0	273262.0	725877.0	1910810.0
Sample_IPO3917_F4_R1_val_1	20015.0	20110.0	20665.0	20368.0	21465.0	20903.0	21978.0	22126.0	22624.0	23413.0	24315.0	24921.0	26131.0	27376.0	28827.0	30063.0	32933.0	34849.0	40042.0	47007.0	58088.0	76760.0	120306.0	211968.0	523322.0	1379739.0	3866462.0
Sample_IPO3917_F4_R2_val_2	19876.0	19935.0	20406.0	20205.0	21087.0	20814.0	21631.0	21579.0	22395.0	23032.0	24251.0	24877.0	26019.0	27184.0	28969.0	29933.0	32449.0	34960.0	39575.0	46251.0	56838.0	75124.0	122168.0	216791.0	541528.0	1426244.0	3802655.0
Sample_IPO3917_F5_R1_val_1	19854.0	20620.0	21101.0	21475.0	21905.0	22095.0	22997.0	23085.0	25910.0	24546.0	27501.0	25936.0	29551.0	30545.0	34298.0	34373.0	39256.0	40336.0	48803.0	56071.0	76757.0	91042.0	160071.0	270872.0	714037.0	1833873.0	5201117.0
Sample_IPO3917_F5_R2_val_2	19982.0	20847.0	20931.0	21664.0	21673.0	22089.0	22548.0	23095.0	24546.0	24895.0	26793.0	26955.0	29283.0	30565.0	33376.0	35025.0	38716.0	41820.0	48409.0	56027.0	76430.0	96394.0	167116.0	284483.0	744270.0	1896866.0	5083229.0
Sample_IPO3917_F6_R1_val_1	9631.0	10454.0	10114.0	10991.0	10657.0	10965.0	11128.0	12653.0	11954.0	13710.0	13547.0	13916.0	14336.0	17613.0	17109.0	20473.0	21266.0	22695.0	26139.0	36859.0	42976.0	61046.0	97606.0	181078.0	471400.0	1286357.0	3739226.0
Sample_IPO3917_F6_R2_val_2	10318.0	10629.0	10911.0	11431.0	11288.0	11994.0	11998.0	12847.0	12916.0	14357.0	14466.0	15086.0	15821.0	18102.0	18757.0	21799.0	23347.0	25649.0	29055.0	37479.0	46232.0	66962.0	107412.0	191735.0	495859.0	1340036.0	3609413.0
Sample_IPO3917_F7_R1_val_1	10726.0	12323.0	11075.0	11945.0	12033.0	12018.0	11918.0	14509.0	13128.0	14562.0	14703.0	14617.0	15107.0	18857.0	17790.0	20705.0	21572.0	23281.0	26052.0	36623.0	41108.0	57871.0	89660.0	161112.0	400540.0	1079189.0	2968204.0
Sample_IPO3917_F7_R2_val_2	10535.0	11035.0	10678.0	11155.0	11226.0	11990.0	11881.0	12613.0	12398.0	13421.0	13892.0	14358.0	14806.0	16443.0	17232.0	19343.0	20616.0	22292.0	24547.0	31940.0	39145.0	56669.0	90541.0	161910.0	412946.0	1126235.0	2931381.0
Sample_IPO3917_F8_R1_val_1	12992.0	12849.0	13449.0	13799.0	14266.0	14291.0	14862.0	15141.0	15879.0	16458.0	17381.0	18226.0	19214.0	20159.0	21831.0	23720.0	25810.0	29197.0	34427.0	41323.0	54172.0	74731.0	125550.0	237816.0	625588.0	1715158.0	4855148.0
Sample_IPO3917_F8_R2_val_2	14757.0	14769.0	15499.0	15774.0	16550.0	16587.0	17297.0	17770.0	18260.0	19093.0	20341.0	21677.0	22942.0	24525.0	26760.0	28815.0	31964.0	35956.0	41690.0	50314.0	64501.0	89824.0	145804.0	268009.0	673681.0	1764475.0	4605803.0
Sample_IPO3917_F9_R1_val_1	13761.0	14025.0	14412.0	14446.0	15167.0	15499.0	16014.0	16567.0	17190.0	17942.0	18767.0	19555.0	20721.0	21639.0	23671.0	25470.0	28484.0	31261.0	36314.0	43065.0	54414.0	72011.0	117029.0	216433.0	560537.0	1437091.0	4371207.0
Sample_IPO3917_F9_R2_val_2	13428.0	13515.0	14061.0	13950.0	14664.0	14849.0	15259.0	15855.0	16346.0	16877.0	17822.0	18582.0	20024.0	20908.0	22566.0	24164.0	26351.0	29131.0	33576.0	39396.0	50064.0	68261.0	111640.0	214939.0	563893.0	1487843.0	4354728.0
Sample_IPO3917_G10_R1_val_1	153171.0	154737.0	155361.0	157576.0	158432.0	160221.0	159631.0	162913.0	164662.0	170649.0	171773.0	177700.0	178840.0	184435.0	187031.0	191895.0	195190.0	203630.0	218535.0	237134.0	269656.0	327548.0	478502.0	806198.0	1916830.0	4900210.0	13840810.0
Sample_IPO3917_G10_R2_val_2	153621.0	155439.0	155810.0	158230.0	158977.0	160557.0	160320.0	163129.0	165134.0	171010.0	172175.0	178190.0	179540.0	185647.0	188445.0	193124.0	195095.0	203763.0	217209.0	235301.0	266118.0	325266.0	479523.0	818198.0	1955883.0	5074611.0	13612955.0
Sample_IPO3917_G11_R1_val_1	17486.0	17581.0	18854.0	19135.0	19694.0	19529.0	19928.0	21941.0	21813.0	23068.0	24419.0	25782.0	27308.0	28939.0	30925.0	33444.0	37259.0	41245.0	49142.0	58492.0	74020.0	102526.0	167947.0	318225.0	812807.0	2081336.0	5866379.0
Sample_IPO3917_G11_R2_val_2	16896.0	17014.0	18080.0	18397.0	19168.0	19126.0	19108.0	20543.0	21020.0	22192.0	23454.0	24661.0	25966.0	28073.0	29818.0	32260.0	35084.0	39413.0	46259.0	54996.0	69853.0	97505.0	164027.0	318138.0	823648.0	2148086.0	5826439.0
Sample_IPO3917_G12_R1_val_1	12315.0	12794.0	13061.0	13256.0	13872.0	13764.0	14580.0	15008.0	15290.0	16322.0	16888.0	17999.0	19157.0	20515.0	21397.0	23541.0	26183.0	29290.0	34740.0	42339.0	54726.0	74877.0	128702.0	252467.0	670289.0	1771973.0	5330683.0
Sample_IPO3917_G12_R2_val_2	13381.0	13688.0	14037.0	14372.0	14831.0	15027.0	15557.0	16328.0	16920.0	17783.0	18501.0	19873.0	21375.0	22960.0	23833.0	25789.0	28851.0	32543.0	37920.0	45441.0	58828.0	81815.0	135717.0	268710.0	699599.0	1833583.0	5168766.0
Sample_IPO3917_G1_R1_val_1	16683.0	17241.0	16490.0	17529.0	17866.0	18363.0	18066.0	18977.0	18715.0	20047.0	20718.0	21286.0	21519.0	24427.0	23944.0	26489.0	28228.0	29954.0	32353.0	42275.0	47886.0	66023.0	104169.0	182737.0	460916.0	1279279.0	3653463.0
Sample_IPO3917_G1_R2_val_2	17186.0	17777.0	17376.0	18338.0	18615.0	19223.0	18894.0	19631.0	19805.0	20932.0	21426.0	22518.0	22901.0	25548.0	25806.0	28206.0	30085.0	32356.0	34759.0	43690.0	51446.0	72113.0	112902.0	195844.0	489758.0	1327124.0	3521384.0
Sample_IPO3917_G2_R1_val_1	22986.0	22813.0	19973.0	21717.0	21397.0	23176.0	21782.0	26138.0	23864.0	26245.0	25908.0	26662.0	26250.0	33354.0	29783.0	34813.0	35706.0	37600.0	40011.0	57354.0	59940.0	83831.0	121568.0	205678.0	502011.0	1380753.0	3923382.0
Sample_IPO3917_G2_R2_val_2	22340.0	20776.0	19293.0	20448.0	20584.0	22667.0	21089.0	22649.0	22523.0	24119.0	24398.0	26084.0	25238.0	28357.0	28380.0	32139.0	33622.0	35830.0	37143.0	48483.0	55475.0	79656.0	121161.0	205658.0	511912.0	1445938.0	3898733.0
Sample_IPO3917_G3_R1_val_1	20467.0	20939.0	19820.0	20651.0	21271.0	21715.0	21318.0	22855.0	22140.0	23691.0	24127.0	24917.0	24966.0	27018.0	27330.0	30140.0	31413.0	33161.0	36937.0	46112.0	53448.0	72379.0	112407.0	202100.0	512554.0	1389009.0	3993258.0
Sample_IPO3917_G3_R2_val_2	21174.0	21138.0	20522.0	20968.0	21798.0	22597.0	22278.0	22933.0	22973.0	24552.0	24923.0	26348.0	26680.0	27655.0	29228.0	31640.0	33470.0	36082.0	39550.0	47366.0	58170.0	78422.0	122791.0	216713.0	539476.0	1436344.0	3860352.0
Sample_IPO3917_G4_R1_val_1	9936.0	10148.0	9538.0	10515.0	11575.0	10728.0	10235.0	11790.0	11872.0	12565.0	13590.0	14124.0	15489.0	16428.0	16935.0	19335.0	20366.0	23979.0	28905.0	36852.0	46813.0	69342.0	142523.0	287962.0	723048.0	2041002.0	5961668.0
Sample_IPO3917_G4_R2_val_2	13367.0	13359.0	13242.0	13736.0	15652.0	14877.0	14298.0	17311.0	16926.0	18573.0	19957.0	19984.0	22884.0	24310.0	26824.0	29275.0	31067.0	36723.0	44137.0	54619.0	71366.0	101494.0	177787.0	355682.0	787458.0	2113353.0	5519002.0
Sample_IPO3917_G5_R1_val_1	818902.0	804682.0	799262.0	813002.0	823791.0	828839.0	839086.0	842391.0	860647.0	865728.0	896142.0	886473.0	895876.0	905905.0	908140.0	913356.0	930600.0	942519.0	967661.0	1014044.0	1091652.0	1231389.0	1561377.0	2346309.0	5033307.0	12633121.0	35992172.0
Sample_IPO3917_G5_R2_val_2	816133.0	802040.0	796845.0	809614.0	821265.0	825847.0	835271.0	838111.0	856040.0	861398.0	891002.0	882230.0	891936.0	901331.0	905021.0	907487.0	921259.0	934559.0	956604.0	1000508.0	1074191.0	1220649.0	1549292.0	2368606.0	5141698.0	13154319.0	35483117.0
Sample_IPO3917_G6_R1_val_1	8526.0	8961.0	8929.0	9499.0	9579.0	9399.0	9928.0	11022.0	10549.0	11886.0	11736.0	12280.0	12655.0	15295.0	14903.0	17522.0	18559.0	19812.0	23001.0	31266.0	36919.0	52528.0	84867.0	157746.0	423031.0	1162928.0	3358905.0
Sample_IPO3917_G6_R2_val_2	9509.0	9636.0	9803.0	10448.0	10797.0	10757.0	11193.0	11898.0	12031.0	13083.0	13431.0	14115.0	14707.0	16965.0	17640.0	20266.0	21918.0	23960.0	27424.0	34794.0	43638.0	61934.0	100186.0	178272.0	450824.0	1199808.0	3203194.0
Sample_IPO3917_G7_R1_val_1	25823.0	28062.0	24664.0	26956.0	27255.0	27697.0	27337.0	33809.0	31337.0	33836.0	35457.0	34003.0	35263.0	45649.0	42323.0	49112.0	52366.0	54289.0	60502.0	86401.0	97578.0	131291.0	205849.0	354659.0	879088.0	2313118.0	6331184.0
Sample_IPO3917_G7_R2_val_2	24420.0	24255.0	22871.0	24188.0	24592.0	26729.0	25543.0	27912.0	27767.0	29934.0	31326.0	32325.0	32493.0	37785.0	38211.0	43982.0	47109.0	50346.0	55192.0	72691.0	89916.0	125114.0	205493.0	343085.0	905427.0	2422205.0	6303997.0
Sample_IPO3917_G8_R1_val_1	22173.0	22574.0	22838.0	23639.0	24302.0	23839.0	24893.0	25918.0	26419.0	27090.0	28278.0	29171.0	30205.0	32034.0	33459.0	36069.0	39254.0	42479.0	48552.0	58900.0	73509.0	101423.0	173275.0	348619.0	979355.0	2732189.0	8034523.0
Sample_IPO3917_G8_R2_val_2	26849.0	27335.0	28202.0	29353.0	30204.0	30124.0	31574.0	32737.0	33585.0	35247.0	36718.0	38515.0	41143.0	44240.0	47087.0	50762.0	55511.0	61383.0	70587.0	84399.0	106012.0	144909.0	231388.0	432380.0	1097365.0	2808091.0	7409279.0
Sample_IPO3917_G9_R1_val_1	16463.0	16997.0	17060.0	17619.0	18156.0	18255.0	18896.0	20763.0	20448.0	21794.0	22943.0	23522.0	24980.0	27887.0	28740.0	32257.0	34847.0	39210.0	44909.0	56941.0	69774.0	97474.0	159873.0	294600.0	752557.0	2013512.0	5768663.0
Sample_IPO3917_G9_R2_val_2	16146.0	16288.0	16998.0	16839.0	17776.0	18001.0	18425.0	19556.0	19795.0	20569.0	21858.0	23034.0	24636.0	26430.0	28228.0	30747.0	33752.0	37440.0	42477.0	52846.0	66466.0	93423.0	155982.0	295469.0	767098.0	2088470.0	5710391.0
Sample_IPO3917_H10_R1_val_1	7901.0	9008.0	8538.0	9144.0	9500.0	9189.0	9697.0	11950.0	11271.0	12700.0	12870.0	13091.0	14141.0	17801.0	17507.0	20953.0	22799.0	25211.0	30300.0	42056.0	52027.0	75352.0	125403.0	243386.0	640076.0	1575570.0	4516443.0
Sample_IPO3917_H10_R2_val_2	7784.0	8056.0	8313.0	8697.0	9085.0	8787.0	9323.0	10292.0	10503.0	11422.0	12062.0	12533.0	13351.0	15228.0	16324.0	18916.0	20972.0	22830.0	26888.0	35611.0	45008.0	66414.0	115456.0	229589.0	635818.0	1629753.0	4534869.0
Sample_IPO3917_H11_R1_val_1	12699.0	12984.0	13303.0	13471.0	14039.0	14034.0	14059.0	14943.0	15675.0	16403.0	16904.0	18048.0	18882.0	19728.0	21328.0	23262.0	25740.0	28207.0	34037.0	40376.0	52553.0	73357.0	132396.0	256928.0	682380.0	1835190.0	5207231.0
Sample_IPO3917_H11_R2_val_2	13781.0	14221.0	14533.0	14689.0	15373.0	15476.0	15405.0	16373.0	17164.0	18073.0	18545.0	19752.0	21066.0	22411.0	24319.0	26253.0	28772.0	31500.0	37413.0	44088.0	57362.0	79966.0	143832.0	273344.0	711456.0	1892722.0	5040268.0
Sample_IPO3917_H12_R1_val_1	861738.0	850914.0	820832.0	845706.0	863639.0	911945.0	885566.0	895132.0	876503.0	901806.0	919938.0	976394.0	955679.0	936043.0	939498.0	933248.0	961681.0	994670.0	1006481.0	1032207.0	1081322.0	1209033.0	1432163.0	1957197.0	3744593.0	9068707.0	24034792.0
Sample_IPO3917_H12_R2_val_2	851545.0	835983.0	809804.0	830606.0	852522.0	904116.0	872935.0	873315.0	859870.0	881604.0	903305.0	967724.0	938498.0	905932.0	921111.0	907302.0	941409.0	981280.0	978279.0	979759.0	1039771.0	1166263.0	1407290.0	1949549.0	3775848.0	9485633.0	24076174.0
Sample_IPO3917_H1_R1_val_1	9081.0	9611.0	10048.0	10861.0	10413.0	10095.0	10858.0	11622.0	12698.0	11787.0	11753.0	13033.0	14525.0	15583.0	14812.0	15902.0	18339.0	21160.0	24315.0	27280.0	33814.0	49142.0	84191.0	161715.0	409616.0	1103898.0	3104054.0
Sample_IPO3917_H1_R2_val_2	9907.0	10449.0	10612.0	11350.0	11477.0	11065.0	11663.0	12457.0	13575.0	13102.0	13078.0	14516.0	15841.0	17540.0	17176.0	18237.0	20889.0	23277.0	27875.0	30441.0	38727.0	55445.0	92046.0	176708.0	434135.0	1136982.0	2981636.0
Sample_IPO3917_H2_R1_val_1	10084.0	10370.0	10415.0	10767.0	10751.0	11628.0	11391.0	11934.0	12067.0	12875.0	13041.0	13879.0	14235.0	14990.0	15880.0	17377.0	18878.0	21025.0	23884.0	28828.0	36621.0	50274.0	84939.0	159163.0	421918.0	1150210.0	3333683.0
Sample_IPO3917_H2_R2_val_2	10921.0	11403.0	11479.0	12041.0	12133.0	12791.0	12692.0	13265.0	13497.0	14390.0	14851.0	15889.0	16329.0	17473.0	18760.0	20193.0	22256.0	24736.0	27751.0	33761.0	42308.0	57669.0	95165.0	175693.0	451270.0	1181320.0	3191071.0
Sample_IPO3917_H3_R1_val_1	17095.0	16922.0	15823.0	17093.0	16739.0	17771.0	17297.0	18455.0	18162.0	19139.0	19566.0	19783.0	20108.0	22249.0	21307.0	24160.0	25442.0	27182.0	29445.0	37254.0	42128.0	57248.0	86148.0	151109.0	381021.0	1013726.0	2892913.0
Sample_IPO3917_H3_R2_val_2	17226.0	16847.0	15997.0	17040.0	16755.0	17930.0	17415.0	18301.0	18048.0	18772.0	19347.0	19985.0	20221.0	21844.0	21802.0	24139.0	25488.0	27395.0	29463.0	35562.0	42048.0	57890.0	88354.0	154626.0	388237.0	1049559.0	2844994.0
Sample_IPO3917_H4_R1_val_1	363942.0	357468.0	349923.0	354136.0	366777.0	368080.0	363807.0	371471.0	369808.0	374241.0	377098.0	391670.0	390151.0	388957.0	389956.0	391584.0	399401.0	411341.0	417476.0	444867.0	473891.0	553244.0	718743.0	1092746.0	2318206.0	6291484.0	17231660.0
Sample_IPO3917_H4_R2_val_2	364185.0	355832.0	350342.0	352963.0	367216.0	369597.0	363882.0	369667.0	370206.0	373065.0	378121.0	395233.0	392283.0	387829.0	392500.0	392168.0	402317.0	419213.0	422108.0	443607.0	480349.0	564891.0	743666.0	1146471.0	2411314.0	6515753.0	16797350.0
Sample_IPO3917_H5_R1_val_1	17144.0	17682.0	17777.0	18784.0	18898.0	19395.0	20024.0	20637.0	21622.0	22112.0	23671.0	23964.0	25863.0	28047.0	29818.0	32048.0	36488.0	38657.0	46160.0	54703.0	70080.0	92673.0	156668.0	284314.0	738203.0	1953352.0	5895182.0
Sample_IPO3917_H5_R2_val_2	18103.0	18644.0	19204.0	19795.0	20160.0	20872.0	21354.0	22040.0	23065.0	23839.0	25489.0	26343.0	28116.0	30450.0	32902.0	35365.0	39232.0	42672.0	50074.0	59595.0	77723.0	103747.0	172892.0	307758.0	785934.0	2003712.0	5694886.0
Sample_IPO3917_H6_R1_val_1	14315.0	15778.0	15383.0	16554.0	16432.0	16587.0	16724.0	18831.0	18059.0	20182.0	20600.0	20241.0	21617.0	25644.0	24608.0	28880.0	30095.0	32157.0	37531.0	48772.0	57161.0	79014.0	125759.0	222977.0	569929.0	1517121.0	4311936.0
Sample_IPO3917_H6_R2_val_2	14641.0	14892.0	15162.0	15962.0	16096.0	16599.0	16878.0	17659.0	18002.0	19643.0	20756.0	21097.0	22048.0	23914.0	24975.0	28545.0	30260.0	33706.0	37999.0	46729.0	58763.0	82681.0	134050.0	234889.0	601603.0	1575836.0	4199502.0
Sample_IPO3917_H7_R1_val_1	11780.0	11929.0	12394.0	11892.0	13299.0	12332.0	13969.0	12916.0	16961.0	13451.0	17747.0	14389.0	17734.0	17889.0	21904.0	20304.0	24876.0	24434.0	28708.0	31109.0	49628.0	48872.0	96397.0	138694.0	364421.0	889400.0	2300147.0
Sample_IPO3917_H7_R2_val_2	10159.0	10429.0	10266.0	10619.0	10863.0	10931.0	11440.0	11375.0	12661.0	12095.0	13483.0	13010.0	14480.0	15139.0	17168.0	17283.0	19721.0	20823.0	23985.0	26140.0	41813.0	43936.0	92226.0	134722.0	393486.0	913478.0	2325845.0
Sample_IPO3917_H8_R1_val_1	23187.0	24004.0	24438.0	24785.0	25227.0	25721.0	26982.0	27085.0	28288.0	28770.0	30489.0	30989.0	32141.0	34467.0	36394.0	38795.0	42440.0	46749.0	53000.0	62799.0	78677.0	104870.0	170241.0	319084.0	820288.0	2107706.0	6109020.0
Sample_IPO3917_H8_R2_val_2	22848.0	23686.0	24202.0	24420.0	24842.0	25363.0	26212.0	26502.0	27502.0	27876.0	29376.0	30067.0	31567.0	33533.0	35637.0	37917.0	40891.0	44854.0	50345.0	59389.0	74563.0	100996.0	166753.0	320608.0	838909.0	2179230.0	6048548.0
Sample_IPO3917_H9_R1_val_1	6389.0	6217.0	6485.0	6569.0	7004.0	6910.0	7226.0	7466.0	7886.0	8083.0	8459.0	8936.0	9485.0	10133.0	10855.0	11964.0	13237.0	14817.0	17102.0	20949.0	26338.0	37103.0	62188.0	118608.0	307348.0	843606.0	2436840.0
Sample_IPO3917_H9_R2_val_2	6776.0	6948.0	6959.0	7328.0	7591.0	7442.0	7886.0	8176.0	8630.0	8978.0	9424.0	10073.0	10521.0	11368.0	12270.0	13316.0	14713.0	16585.0	18902.0	23112.0	29449.0	40687.0	67465.0	128985.0	326368.0	870405.0	2347846.0
