	22.0	23.0	24.0	25.0	26.0	27.0	28.0	29.0	30.0	31.0	32.0	33.0	34.0	35.0	36.0
Sample_IPO3916_A10_R1_val_1	12.0	302.0	1852.0	6316.0	15133.0	29326.0	49792.0	76593.0	112628.0	159974.0	229147.0	340889.0	557172.0	1237318.0	6057209.0
	21.0	22.0	23.0	24.0	25.0	26.0	27.0	28.0	29.0	30.0	31.0	32.0	33.0	34.0	35.0	36.0
Sample_IPO3916_A10_R2_val_2	23.0	2683.0	14763.0	30645.0	48292.0	66373.0	85918.0	106533.0	131753.0	162698.0	204032.0	266070.0	368274.0	578453.0	1222282.0	5584871.0
	22.0	23.0	24.0	25.0	26.0	27.0	28.0	29.0	30.0	31.0	32.0	33.0	34.0	35.0	36.0
Sample_IPO3916_A11_R1_val_1	9.0	170.0	1144.0	3549.0	8024.0	14603.0	24216.0	36385.0	52246.0	74337.0	107611.0	160745.0	271457.0	612860.0	2102993.0
	19.0	20.0	21.0	22.0	23.0	24.0	25.0	26.0	27.0	28.0	29.0	30.0	31.0	32.0	33.0	34.0	35.0	36.0
Sample_IPO3916_A11_R2_val_2	1.0	1.0	4.0	509.0	2964.0	6664.0	11145.0	16756.0	23187.0	30508.0	39272.0	51312.0	67796.0	91653.0	132048.0	215656.0	469694.0	2311179.0
	22.0	23.0	24.0	25.0	26.0	27.0	28.0	29.0	30.0	31.0	32.0	33.0	34.0	35.0	36.0
Sample_IPO3916_A12_R1_val_1	20.0	366.0	2057.0	6340.0	14482.0	26989.0	43846.0	66230.0	95905.0	136621.0	197260.0	296285.0	493526.0	1078072.0	3277437.0
	21.0	22.0	23.0	24.0	25.0	26.0	27.0	28.0	29.0	30.0	31.0	32.0	33.0	34.0	35.0	36.0
Sample_IPO3916_A12_R2_val_2	6.0	951.0	5147.0	11940.0	19924.0	29812.0	41074.0	53993.0	69992.0	91723.0	119551.0	162957.0	236193.0	385807.0	829875.0	3676491.0
	21.0	22.0	23.0	24.0	25.0	26.0	27.0	28.0	29.0	30.0	31.0	32.0	33.0	34.0	35.0	36.0
Sample_IPO3916_A1_R1_val_1	1.0	32.0	618.0	3521.0	11489.0	26046.0	48779.0	79877.0	120705.0	173687.0	245165.0	346750.0	516898.0	858193.0	1945107.0	6856643.0
	20.0	21.0	22.0	23.0	24.0	25.0	26.0	27.0	28.0	29.0	30.0	31.0	32.0	33.0	34.0	35.0	36.0
Sample_IPO3916_A1_R2_val_2	3.0	37.0	1565.0	8836.0	19945.0	35001.0	52883.0	74003.0	100685.0	131514.0	171234.0	224590.0	303144.0	435955.0	709794.0	1546858.0	7417464.0
	22.0	23.0	24.0	25.0	26.0	27.0	28.0	29.0	30.0	31.0	32.0	33.0	34.0	35.0	36.0
Sample_IPO3916_A2_R1_val_1	10.0	353.0	2017.0	6497.0	14612.0	27399.0	44898.0	68360.0	101060.0	147407.0	221389.0	344851.0	572839.0	1211327.0	3448605.0
	20.0	21.0	22.0	23.0	24.0	25.0	26.0	27.0	28.0	29.0	30.0	31.0	32.0	33.0	34.0	35.0	36.0
Sample_IPO3916_A2_R2_val_2	3.0	17.0	987.0	5261.0	11880.0	20344.0	29843.0	41936.0	55630.0	71898.0	94379.0	125938.0	173237.0	257547.0	429031.0	938971.0	3954722.0
	22.0	23.0	24.0	25.0	26.0	27.0	28.0	29.0	30.0	31.0	32.0	33.0	34.0	35.0	36.0
Sample_IPO3916_A3_R1_val_1	11.0	211.0	1118.0	3337.0	7349.0	13506.0	21950.0	33001.0	48360.0	69960.0	103386.0	157162.0	257503.0	548237.0	1766759.0
	20.0	21.0	22.0	23.0	24.0	25.0	26.0	27.0	28.0	29.0	30.0	31.0	32.0	33.0	34.0	35.0	36.0
Sample_IPO3916_A3_R2_val_2	2.0	9.0	383.0	2316.0	5250.0	8824.0	13619.0	18903.0	25368.0	33349.0	43910.0	58859.0	81062.0	119660.0	198848.0	432248.0	1989240.0
	21.0	22.0	23.0	24.0	25.0	26.0	27.0	28.0	29.0	30.0	31.0	32.0	33.0	34.0	35.0	36.0
Sample_IPO3916_A4_R1_val_1	1.0	3.0	233.0	1127.0	3618.0	8011.0	14960.0	24264.0	36792.0	53363.0	75742.0	110211.0	168147.0	297186.0	721477.0	2114009.0
	20.0	21.0	22.0	23.0	24.0	25.0	26.0	27.0	28.0	29.0	30.0	31.0	32.0	33.0	34.0	35.0	36.0
Sample_IPO3916_A4_R2_val_2	1.0	6.0	786.0	4582.0	9886.0	16555.0	23369.0	31682.0	40726.0	51575.0	64792.0	84098.0	112638.0	161555.0	267003.0	591238.0	2168652.0
	22.0	23.0	24.0	25.0	26.0	27.0	28.0	29.0	30.0	31.0	32.0	33.0	34.0	35.0	36.0
Sample_IPO3916_A5_R1_val_1	21.0	369.0	2098.0	7053.0	16730.0	30989.0	51774.0	78688.0	113175.0	159373.0	226487.0	335891.0	555944.0	1242100.0	4488214.0
	21.0	22.0	23.0	24.0	25.0	26.0	27.0	28.0	29.0	30.0	31.0	32.0	33.0	34.0	35.0	36.0
Sample_IPO3916_A5_R2_val_2	12.0	1314.0	7773.0	18122.0	30332.0	44801.0	61311.0	81158.0	103660.0	133063.0	173037.0	232261.0	331977.0	540829.0	1167890.0	4381366.0
	22.0	23.0	24.0	25.0	26.0	27.0	28.0	29.0	30.0	31.0	32.0	33.0	34.0	35.0	36.0
Sample_IPO3916_A6_R1_val_1	23.0	353.0	2089.0	6521.0	14786.0	27564.0	45556.0	69416.0	101687.0	147854.0	216931.0	331927.0	555485.0	1206497.0	3473220.0
	20.0	21.0	22.0	23.0	24.0	25.0	26.0	27.0	28.0	29.0	30.0	31.0	32.0	33.0	34.0	35.0	36.0
Sample_IPO3916_A6_R2_val_2	1.0	15.0	1219.0	6606.0	14551.0	24306.0	36248.0	49482.0	65933.0	86494.0	111913.0	147981.0	203378.0	299675.0	495574.0	1044603.0	3611930.0
	22.0	23.0	24.0	25.0	26.0	27.0	28.0	29.0	30.0	31.0	32.0	33.0	34.0	35.0	36.0
Sample_IPO3916_A7_R1_val_1	12.0	367.0	2177.0	7073.0	16073.0	29568.0	49611.0	75014.0	109930.0	159028.0	234125.0	359741.0	593605.0	1239458.0	4445855.0
	21.0	22.0	23.0	24.0	25.0	26.0	27.0	28.0	29.0	30.0	31.0	32.0	33.0	34.0	35.0	36.0
Sample_IPO3916_A7_R2_val_2	18.0	1295.0	6970.0	15363.0	26008.0	38057.0	51923.0	68514.0	88566.0	114783.0	151079.0	205763.0	301110.0	496264.0	1062768.0	4693156.0
	22.0	23.0	24.0	25.0	26.0	27.0	28.0	29.0	30.0	31.0	32.0	33.0	34.0	35.0	36.0
Sample_IPO3916_A8_R1_val_1	20.0	374.0	2217.0	7319.0	16782.0	31450.0	51329.0	78680.0	112846.0	160586.0	228527.0	343319.0	570619.0	1288540.0	4999859.0
	20.0	21.0	22.0	23.0	24.0	25.0	26.0	27.0	28.0	29.0	30.0	31.0	32.0	33.0	34.0	35.0	36.0
Sample_IPO3916_A8_R2_val_2	1.0	16.0	1813.0	10133.0	21503.0	34999.0	49748.0	66490.0	85122.0	107215.0	135178.0	173180.0	229478.0	324548.0	521534.0	1126761.0	5004748.0
	22.0	23.0	24.0	25.0	26.0	27.0	28.0	29.0	30.0	31.0	32.0	33.0	34.0	35.0	36.0
Sample_IPO3916_A9_R1_val_1	33.0	563.0	3325.0	10643.0	23953.0	44697.0	72688.0	109987.0	157754.0	224174.0	322808.0	484901.0	820852.0	1866042.0	6026860.0
	21.0	22.0	23.0	24.0	25.0	26.0	27.0	28.0	29.0	30.0	31.0	32.0	33.0	34.0	35.0	36.0
Sample_IPO3916_A9_R2_val_2	12.0	1690.0	9329.0	21464.0	35805.0	54070.0	74357.0	99108.0	127211.0	166242.0	218413.0	297226.0	432244.0	713144.0	1564015.0	6354950.0
	21.0	22.0	23.0	24.0	25.0	26.0	27.0	28.0	29.0	30.0	31.0	32.0	33.0	34.0	35.0	36.0
Sample_IPO3916_B10_R1_val_1	1.0	21.0	572.0	3160.0	9990.0	22785.0	42061.0	68456.0	103425.0	149633.0	212619.0	307371.0	462182.0	770407.0	1730933.0	6468441.0
	20.0	21.0	22.0	23.0	24.0	25.0	26.0	27.0	28.0	29.0	30.0	31.0	32.0	33.0	34.0	35.0	36.0
Sample_IPO3916_B10_R2_val_2	6.0	12.0	1673.0	9668.0	21126.0	36019.0	53425.0	72965.0	95795.0	124194.0	160508.0	210020.0	283909.0	410918.0	672500.0	1477623.0	6721696.0
	21.0	22.0	23.0	24.0	25.0	26.0	27.0	28.0	29.0	30.0	31.0	32.0	33.0	34.0	35.0	36.0
Sample_IPO3916_B11_R1_val_1	1.0	17.0	383.0	2430.0	7656.0	17629.0	32100.0	52766.0	79146.0	114054.0	159444.0	225646.0	335025.0	548999.0	1213696.0	4377572.0
	21.0	22.0	23.0	24.0	25.0	26.0	27.0	28.0	29.0	30.0	31.0	32.0	33.0	34.0	35.0	36.0
Sample_IPO3916_B11_R2_val_2	13.0	1180.0	6475.0	14486.0	24472.0	36479.0	50733.0	67656.0	87449.0	112915.0	147317.0	197540.0	282782.0	456375.0	991252.0	4689440.0
	21.0	22.0	23.0	24.0	25.0	26.0	27.0	28.0	29.0	30.0	31.0	32.0	33.0	34.0	35.0	36.0
Sample_IPO3916_B12_R1_val_1	1.0	31.0	678.0	3812.0	12032.0	27038.0	49702.0	79375.0	119513.0	171647.0	242880.0	351360.0	533649.0	909284.0	2085524.0	7167675.0
	21.0	22.0	23.0	24.0	25.0	26.0	27.0	28.0	29.0	30.0	31.0	32.0	33.0	34.0	35.0	36.0
Sample_IPO3916_B12_R2_val_2	28.0	1643.0	9586.0	21588.0	36662.0	54219.0	74869.0	99681.0	128870.0	167147.0	220569.0	300624.0	438037.0	727674.0	1639385.0	7833619.0
	22.0	23.0	24.0	25.0	26.0	27.0	28.0	29.0	30.0	31.0	32.0	33.0	34.0	35.0	36.0
Sample_IPO3916_B1_R1_val_1	30.0	722.0	4147.0	12555.0	28437.0	52117.0	84093.0	126341.0	180678.0	254990.0	364070.0	545820.0	932412.0	2213218.0	8947404.0
	20.0	21.0	22.0	23.0	24.0	25.0	26.0	27.0	28.0	29.0	30.0	31.0	32.0	33.0	34.0	35.0	36.0
Sample_IPO3916_B1_R2_val_2	2.0	38.0	3125.0	17471.0	37961.0	61584.0	86931.0	115270.0	148045.0	186288.0	233604.0	297214.0	395036.0	561512.0	922159.0	2058735.0	8622059.0
	22.0	23.0	24.0	25.0	26.0	27.0	28.0	29.0	30.0	31.0	32.0	33.0	34.0	35.0	36.0
Sample_IPO3916_B2_R1_val_1	10.0	336.0	1942.0	6325.0	14402.0	26624.0	43264.0	65982.0	95397.0	136455.0	196113.0	296056.0	494867.0	1107817.0	4333006.0
	20.0	21.0	22.0	23.0	24.0	25.0	26.0	27.0	28.0	29.0	30.0	31.0	32.0	33.0	34.0	35.0	36.0
Sample_IPO3916_B2_R2_val_2	1.0	25.0	1798.0	9973.0	21378.0	34450.0	48776.0	64672.0	82937.0	104735.0	132661.0	171531.0	230255.0	333056.0	542673.0	1144999.0	3894676.0
	21.0	22.0	23.0	24.0	25.0	26.0	27.0	28.0	29.0	30.0	31.0	32.0	33.0	34.0	35.0	36.0
Sample_IPO3916_B3_R1_val_1	1.0	20.0	360.0	2250.0	7069.0	16201.0	29968.0	49146.0	74499.0	107380.0	157038.0	231081.0	355772.0	584423.0	1227874.0	4433060.0
	20.0	21.0	22.0	23.0	24.0	25.0	26.0	27.0	28.0	29.0	30.0	31.0	32.0	33.0	34.0	35.0	36.0
Sample_IPO3916_B3_R2_val_2	2.0	29.0	1136.0	5936.0	13392.0	22976.0	34178.0	48322.0	63912.0	84043.0	110533.0	147889.0	204133.0	301574.0	498630.0	1059355.0	4680102.0
	22.0	23.0	24.0	25.0	26.0	27.0	28.0	29.0	30.0	31.0	32.0	33.0	34.0	35.0	36.0
Sample_IPO3916_B4_R1_val_1	6.0	194.0	997.0	3403.0	7925.0	14580.0	24269.0	36986.0	53035.0	75136.0	108456.0	162145.0	271424.0	611420.0	2282723.0
	21.0	22.0	23.0	24.0	25.0	26.0	27.0	28.0	29.0	30.0	31.0	32.0	33.0	34.0	35.0	36.0
Sample_IPO3916_B4_R2_val_2	5.0	797.0	4201.0	9365.0	15784.0	22789.0	30687.0	39917.0	50907.0	64795.0	84328.0	113540.0	163587.0	265967.0	570290.0	2215740.0
	21.0	22.0	23.0	24.0	25.0	26.0	27.0	28.0	29.0	30.0	31.0	32.0	33.0	34.0	35.0	36.0
Sample_IPO3916_B5_R1_val_1	1.0	12.0	216.0	1160.0	3772.0	8254.0	15291.0	24589.0	37133.0	53431.0	75963.0	109760.0	167269.0	288533.0	672819.0	2044958.0
	21.0	22.0	23.0	24.0	25.0	26.0	27.0	28.0	29.0	30.0	31.0	32.0	33.0	34.0	35.0	36.0
Sample_IPO3916_B5_R2_val_2	4.0	613.0	3731.0	8209.0	14181.0	20468.0	27696.0	36616.0	47071.0	60502.0	78571.0	107424.0	157098.0	263068.0	581693.0	2096216.0
	22.0	23.0	24.0	25.0	26.0	27.0	28.0	29.0	30.0	31.0	32.0	33.0	34.0	35.0	36.0
Sample_IPO3916_B6_R1_val_1	13.0	205.0	1101.0	3461.0	7925.0	14680.0	23950.0	36666.0	53097.0	76656.0	112993.0	171993.0	281064.0	595411.0	1778466.0
	20.0	21.0	22.0	23.0	24.0	25.0	26.0	27.0	28.0	29.0	30.0	31.0	32.0	33.0	34.0	35.0	36.0
Sample_IPO3916_B6_R2_val_2	1.0	4.0	445.0	2506.0	5580.0	9594.0	14533.0	20513.0	27598.0	36121.0	48166.0	63961.0	89226.0	132758.0	221635.0	480996.0	2004044.0
	22.0	23.0	24.0	25.0	26.0	27.0	28.0	29.0	30.0	31.0	32.0	33.0	34.0	35.0	36.0
Sample_IPO3916_B7_R1_val_1	17.0	311.0	1861.0	5911.0	13197.0	24560.0	40587.0	61416.0	89477.0	130385.0	193744.0	300611.0	486496.0	1010269.0	3114215.0
	21.0	22.0	23.0	24.0	25.0	26.0	27.0	28.0	29.0	30.0	31.0	32.0	33.0	34.0	35.0	36.0
Sample_IPO3916_B7_R2_val_2	7.0	703.0	3950.0	9125.0	15462.0	23638.0	33188.0	44555.0	59347.0	78219.0	105268.0	146680.0	218814.0	366424.0	796168.0	3571509.0
	22.0	23.0	24.0	25.0	26.0	27.0	28.0	29.0	30.0	31.0	32.0	33.0	34.0	35.0	36.0
Sample_IPO3916_B8_R1_val_1	17.0	261.0	1588.0	4903.0	11135.0	20266.0	32777.0	49173.0	70010.0	98757.0	140982.0	210743.0	354890.0	807590.0	2463283.0
	21.0	22.0	23.0	24.0	25.0	26.0	27.0	28.0	29.0	30.0	31.0	32.0	33.0	34.0	35.0	36.0
Sample_IPO3916_B8_R2_val_2	8.0	536.0	3084.0	7004.0	12028.0	18607.0	26257.0	35261.0	46332.0	61427.0	80965.0	110778.0	161572.0	267941.0	599635.0	2834940.0
	22.0	23.0	24.0	25.0	26.0	27.0	28.0	29.0	30.0	31.0	32.0	33.0	34.0	35.0	36.0
Sample_IPO3916_B9_R1_val_1	28.0	585.0	3080.0	9123.0	20326.0	37249.0	60161.0	89927.0	128246.0	181304.0	261481.0	398006.0	691203.0	1630915.0	5162103.0
	21.0	22.0	23.0	24.0	25.0	26.0	27.0	28.0	29.0	30.0	31.0	32.0	33.0	34.0	35.0	36.0
Sample_IPO3916_B9_R2_val_2	20.0	1772.0	9685.0	21249.0	34860.0	50440.0	68170.0	88084.0	112461.0	142775.0	184674.0	248288.0	355459.0	587621.0	1315589.0	5452590.0
	22.0	23.0	24.0	25.0	26.0	27.0	28.0	29.0	30.0	31.0	32.0	33.0	34.0	35.0	36.0
Sample_IPO3916_C10_R1_val_1	21.0	373.0	2050.0	6782.0	15304.0	28289.0	47182.0	71621.0	103532.0	147543.0	211138.0	317644.0	527175.0	1157049.0	4338900.0
	20.0	21.0	22.0	23.0	24.0	25.0	26.0	27.0	28.0	29.0	30.0	31.0	32.0	33.0	34.0	35.0	36.0
Sample_IPO3916_C10_R2_val_2	2.0	17.0	1563.0	8166.0	17755.0	29303.0	42512.0	56629.0	73052.0	93282.0	117860.0	151873.0	204112.0	289694.0	464567.0	984019.0	4440197.0
	22.0	23.0	24.0	25.0	26.0	27.0	28.0	29.0	30.0	31.0	32.0	33.0	34.0	35.0	36.0
Sample_IPO3916_C11_R1_val_1	29.0	611.0	3806.0	12182.0	28331.0	52760.0	87287.0	130358.0	188042.0	264320.0	375741.0	558713.0	930819.0	2100059.0	7503647.0
	20.0	21.0	22.0	23.0	24.0	25.0	26.0	27.0	28.0	29.0	30.0	31.0	32.0	33.0	34.0	35.0	36.0
Sample_IPO3916_C11_R2_val_2	2.0	21.0	1916.0	11493.0	25952.0	43933.0	64568.0	88903.0	117548.0	151644.0	194521.0	251544.0	336549.0	480777.0	777351.0	1704609.0	7985374.0
	22.0	23.0	24.0	25.0	26.0	27.0	28.0	29.0	30.0	31.0	32.0	33.0	34.0	35.0	36.0
Sample_IPO3916_C12_R1_val_1	10.0	327.0	1974.0	6202.0	14191.0	26252.0	42775.0	64416.0	92763.0	131006.0	186673.0	279447.0	468781.0	1067124.0	4266235.0
	20.0	21.0	22.0	23.0	24.0	25.0	26.0	27.0	28.0	29.0	30.0	31.0	32.0	33.0	34.0	35.0	36.0
Sample_IPO3916_C12_R2_val_2	1.0	14.0	1415.0	7799.0	16832.0	27758.0	39445.0	52853.0	67739.0	86268.0	109224.0	140441.0	186730.0	264532.0	427334.0	930377.0	4289414.0
	22.0	23.0	24.0	25.0	26.0	27.0	28.0	29.0	30.0	31.0	32.0	33.0	34.0	35.0	36.0
Sample_IPO3916_C1_R1_val_1	17.0	246.0	1448.0	4495.0	9841.0	18438.0	30125.0	45469.0	66045.0	95353.0	141585.0	217221.0	354666.0	762032.0	2491067.0
	20.0	21.0	22.0	23.0	24.0	25.0	26.0	27.0	28.0	29.0	30.0	31.0	32.0	33.0	34.0	35.0	36.0
Sample_IPO3916_C1_R2_val_2	1.0	16.0	502.0	2721.0	6410.0	11259.0	17123.0	24304.0	33197.0	44235.0	58492.0	78889.0	109066.0	162525.0	272109.0	597973.0	2819226.0
	22.0	23.0	24.0	25.0	26.0	27.0	28.0	29.0	30.0	31.0	32.0	33.0	34.0	35.0	36.0
Sample_IPO3916_C2_R1_val_1	28.0	513.0	3148.0	10026.0	23144.0	42994.0	70459.0	108392.0	156230.0	221831.0	318652.0	481382.0	812828.0	1846955.0	6864051.0
	20.0	21.0	22.0	23.0	24.0	25.0	26.0	27.0	28.0	29.0	30.0	31.0	32.0	33.0	34.0	35.0	36.0
Sample_IPO3916_C2_R2_val_2	1.0	48.0	2551.0	13347.0	28796.0	47354.0	68927.0	92227.0	119084.0	151467.0	192329.0	249064.0	332653.0	476236.0	772954.0	1654337.0	6759258.0
	22.0	23.0	24.0	25.0	26.0	27.0	28.0	29.0	30.0	31.0	32.0	33.0	34.0	35.0	36.0
Sample_IPO3916_C3_R1_val_1	17.0	312.0	1711.0	5423.0	12193.0	22335.0	36680.0	55508.0	80412.0	113610.0	163505.0	247629.0	409902.0	898831.0	3426333.0
	19.0	20.0	21.0	22.0	23.0	24.0	25.0	26.0	27.0	28.0	29.0	30.0	31.0	32.0	33.0	34.0	35.0	36.0
Sample_IPO3916_C3_R2_val_2	1.0	2.0	22.0	843.0	4657.0	10536.0	18116.0	26769.0	37311.0	49390.0	64640.0	83220.0	110579.0	150771.0	218471.0	357790.0	770555.0	3570728.0
	22.0	23.0	24.0	25.0	26.0	27.0	28.0	29.0	30.0	31.0	32.0	33.0	34.0	35.0	36.0
Sample_IPO3916_C4_R1_val_1	5.0	161.0	905.0	2939.0	6918.0	13085.0	22249.0	33936.0	50143.0	71971.0	103611.0	154300.0	260653.0	611799.0	3098479.0
	21.0	22.0	23.0	24.0	25.0	26.0	27.0	28.0	29.0	30.0	31.0	32.0	33.0	34.0	35.0	36.0
Sample_IPO3916_C4_R2_val_2	16.0	1747.0	9888.0	20355.0	30966.0	41556.0	52460.0	64071.0	77054.0	93908.0	116365.0	149577.0	208985.0	334825.0	724043.0	2505338.0
	22.0	23.0	24.0	25.0	26.0	27.0	28.0	29.0	30.0	31.0	32.0	33.0	34.0	35.0	36.0
Sample_IPO3916_C5_R1_val_1	8.0	233.0	1208.0	4000.0	9621.0	18141.0	30081.0	45796.0	66615.0	95422.0	137054.0	203628.0	340659.0	768569.0	2861866.0
	20.0	21.0	22.0	23.0	24.0	25.0	26.0	27.0	28.0	29.0	30.0	31.0	32.0	33.0	34.0	35.0	36.0
Sample_IPO3916_C5_R2_val_2	1.0	9.0	1136.0	6493.0	13506.0	22002.0	31484.0	41685.0	52883.0	66757.0	83931.0	109001.0	144105.0	203435.0	327843.0	692516.0	2786114.0
	22.0	23.0	24.0	25.0	26.0	27.0	28.0	29.0	30.0	31.0	32.0	33.0	34.0	35.0	36.0
Sample_IPO3916_C6_R1_val_1	17.0	339.0	2476.0	7882.0	17925.0	34253.0	56608.0	87153.0	127648.0	187035.0	277923.0	428216.0	708755.0	1529750.0	4142720.0
	21.0	22.0	23.0	24.0	25.0	26.0	27.0	28.0	29.0	30.0	31.0	32.0	33.0	34.0	35.0	36.0
Sample_IPO3916_C6_R2_val_2	15.0	1201.0	6723.0	15450.0	25594.0	39103.0	54602.0	72978.0	95897.0	125739.0	166231.0	228819.0	337006.0	558642.0	1196752.0	4683948.0
	22.0	23.0	24.0	25.0	26.0	27.0	28.0	29.0	30.0	31.0	32.0	33.0	34.0	35.0	36.0
Sample_IPO3916_C7_R1_val_1	11.0	249.0	1538.0	4671.0	10658.0	19834.0	32409.0	48905.0	71395.0	103292.0	154884.0	238681.0	390464.0	816981.0	2678711.0
	20.0	21.0	22.0	23.0	24.0	25.0	26.0	27.0	28.0	29.0	30.0	31.0	32.0	33.0	34.0	35.0	36.0
Sample_IPO3916_C7_R2_val_2	1.0	10.0	679.0	3697.0	8314.0	14099.0	21216.0	29101.0	38989.0	51033.0	66889.0	89735.0	123533.0	181736.0	303476.0	661502.0	2978673.0
	22.0	23.0	24.0	25.0	26.0	27.0	28.0	29.0	30.0	31.0	32.0	33.0	34.0	35.0	36.0
Sample_IPO3916_C8_R1_val_1	12.0	166.0	1035.0	3343.0	7795.0	14727.0	24471.0	37539.0	54510.0	77224.0	110408.0	164290.0	272773.0	607984.0	2539581.0
	20.0	21.0	22.0	23.0	24.0	25.0	26.0	27.0	28.0	29.0	30.0	31.0	32.0	33.0	34.0	35.0	36.0
Sample_IPO3916_C8_R2_val_2	1.0	11.0	986.0	5322.0	11444.0	18310.0	26744.0	35053.0	44807.0	56160.0	70476.0	89682.0	118495.0	167245.0	268405.0	566772.0	2435945.0
	22.0	23.0	24.0	25.0	26.0	27.0	28.0	29.0	30.0	31.0	32.0	33.0	34.0	35.0	36.0
Sample_IPO3916_C9_R1_val_1	19.0	309.0	1631.0	5356.0	12153.0	22314.0	36496.0	55415.0	81428.0	116394.0	171201.0	261300.0	432910.0	934738.0	3057654.0
	20.0	21.0	22.0	23.0	24.0	25.0	26.0	27.0	28.0	29.0	30.0	31.0	32.0	33.0	34.0	35.0	36.0
Sample_IPO3916_C9_R2_val_2	2.0	12.0	834.0	4511.0	10176.0	17191.0	25941.0	35193.0	46332.0	60685.0	79809.0	105849.0	144571.0	212794.0	351923.0	765844.0	3327651.0
	22.0	23.0	24.0	25.0	26.0	27.0	28.0	29.0	30.0	31.0	32.0	33.0	34.0	35.0	36.0
Sample_IPO3916_D10_R1_val_1	22.0	418.0	2473.0	8039.0	18094.0	33997.0	54969.0	82500.0	119622.0	170042.0	244615.0	368340.0	618892.0	1382217.0	4120660.0
	20.0	21.0	22.0	23.0	24.0	25.0	26.0	27.0	28.0	29.0	30.0	31.0	32.0	33.0	34.0	35.0	36.0
Sample_IPO3916_D10_R2_val_2	1.0	8.0	1071.0	6052.0	13355.0	23260.0	34457.0	47974.0	64224.0	83799.0	110038.0	145961.0	197565.0	288015.0	472755.0	1046837.0	4689528.0
	22.0	23.0	24.0	25.0	26.0	27.0	28.0	29.0	30.0	31.0	32.0	33.0	34.0	35.0	36.0
Sample_IPO3916_D11_R1_val_1	8.0	118.0	713.0	2417.0	5595.0	10451.0	17457.0	26871.0	39451.0	55955.0	81588.0	122126.0	203967.0	447618.0	1806071.0
	21.0	22.0	23.0	24.0	25.0	26.0	27.0	28.0	29.0	30.0	31.0	32.0	33.0	34.0	35.0	36.0
Sample_IPO3916_D11_R2_val_2	10.0	741.0	3862.0	8332.0	13249.0	18641.0	24638.0	31890.0	39727.0	50332.0	64309.0	85821.0	120627.0	194910.0	412317.0	1751000.0
	22.0	23.0	24.0	25.0	26.0	27.0	28.0	29.0	30.0	31.0	32.0	33.0	34.0	35.0	36.0
Sample_IPO3916_D12_R1_val_1	16.0	435.0	2593.0	8797.0	19976.0	37151.0	61376.0	92694.0	133448.0	187149.0	265131.0	391606.0	649006.0	1465751.0	6421876.0
	21.0	22.0	23.0	24.0	25.0	26.0	27.0	28.0	29.0	30.0	31.0	32.0	33.0	34.0	35.0	36.0
Sample_IPO3916_D12_R2_val_2	16.0	1958.0	10803.0	23794.0	39103.0	56277.0	76187.0	97852.0	124385.0	156536.0	200424.0	264663.0	371783.0	595620.0	1294386.0	6423218.0
	22.0	23.0	24.0	25.0	26.0	27.0	28.0	29.0	30.0	31.0	32.0	33.0	34.0	35.0	36.0
Sample_IPO3916_D1_R1_val_1	28.0	608.0	3681.0	11433.0	25556.0	47860.0	77913.0	117830.0	170426.0	246126.0	359954.0	549051.0	905567.0	1962060.0	6852303.0
	20.0	21.0	22.0	23.0	24.0	25.0	26.0	27.0	28.0	29.0	30.0	31.0	32.0	33.0	34.0	35.0	36.0
Sample_IPO3916_D1_R2_val_2	2.0	46.0	1605.0	8830.0	19998.0	34254.0	52635.0	73615.0	98826.0	130411.0	170735.0	227860.0	313847.0	460949.0	765785.0	1664546.0	7306452.0
	21.0	22.0	23.0	24.0	25.0	26.0	27.0	28.0	29.0	30.0	31.0	32.0	33.0	34.0	35.0	36.0
Sample_IPO3916_D2_R1_val_1	1.0	54.0	1111.0	6247.0	19060.0	43719.0	80485.0	130138.0	195307.0	279478.0	392521.0	557087.0	825220.0	1370091.0	3095197.0	12669395.0
	19.0	20.0	21.0	22.0	23.0	24.0	25.0	26.0	27.0	28.0	29.0	30.0	31.0	32.0	33.0	34.0	35.0	36.0
Sample_IPO3916_D2_R2_val_2	2.0	10.0	94.0	3474.0	18541.0	41102.0	69033.0	101697.0	140509.0	184964.0	238515.0	306362.0	397191.0	533105.0	757321.0	1219579.0	2629946.0	13023666.0
	22.0	23.0	24.0	25.0	26.0	27.0	28.0	29.0	30.0	31.0	32.0	33.0	34.0	35.0	36.0
Sample_IPO3916_D3_R1_val_1	4.0	131.0	799.0	2730.0	6122.0	11597.0	18913.0	29087.0	42457.0	60406.0	88395.0	133616.0	220621.0	471354.0	1922426.0
	21.0	22.0	23.0	24.0	25.0	26.0	27.0	28.0	29.0	30.0	31.0	32.0	33.0	34.0	35.0	36.0
Sample_IPO3916_D3_R2_val_2	8.0	641.0	3255.0	7292.0	12114.0	17599.0	23764.0	30925.0	39890.0	51002.0	66693.0	90595.0	129991.0	210884.0	442826.0	1881179.0
	21.0	22.0	23.0	24.0	25.0	26.0	27.0	28.0	29.0	30.0	31.0	32.0	33.0	34.0	35.0	36.0
Sample_IPO3916_D4_R1_val_1	1.0	12.0	426.0	2498.0	7574.0	17219.0	31928.0	52077.0	78979.0	116344.0	169045.0	252612.0	391791.0	649444.0	1378545.0	4057220.0
	20.0	21.0	22.0	23.0	24.0	25.0	26.0	27.0	28.0	29.0	30.0	31.0	32.0	33.0	34.0	35.0	36.0
Sample_IPO3916_D4_R2_val_2	1.0	14.0	1072.0	6022.0	13417.0	23569.0	35145.0	49042.0	65486.0	85505.0	112955.0	149837.0	209060.0	310275.0	522839.0	1138237.0	4483239.0
	22.0	23.0	24.0	25.0	26.0	27.0	28.0	29.0	30.0	31.0	32.0	33.0	34.0	35.0	36.0
Sample_IPO3916_D5_R1_val_1	10.0	217.0	1450.0	4578.0	10350.0	19286.0	31900.0	48523.0	70786.0	101090.0	146889.0	222892.0	366662.0	785196.0	3028466.0
	20.0	21.0	22.0	23.0	24.0	25.0	26.0	27.0	28.0	29.0	30.0	31.0	32.0	33.0	34.0	35.0	36.0
Sample_IPO3916_D5_R2_val_2	2.0	14.0	934.0	5140.0	11724.0	19560.0	28248.0	37930.0	50059.0	64343.0	82052.0	106185.0	144030.0	207494.0	336994.0	718453.0	3025133.0
	22.0	23.0	24.0	25.0	26.0	27.0	28.0	29.0	30.0	31.0	32.0	33.0	34.0	35.0	36.0
Sample_IPO3916_D6_R1_val_1	16.0	414.0	2471.0	8153.0	19210.0	36258.0	60904.0	93170.0	136112.0	197038.0	290141.0	444131.0	735342.0	1580492.0	5074909.0
	19.0	20.0	21.0	22.0	23.0	24.0	25.0	26.0	27.0	28.0	29.0	30.0	31.0	32.0	33.0	34.0	35.0	36.0
Sample_IPO3916_D6_R2_val_2	1.0	1.0	30.0	1811.0	10010.0	21998.0	36967.0	53976.0	72924.0	94872.0	122486.0	156898.0	204978.0	278818.0	404554.0	659770.0	1393650.0	5165017.0
	22.0	23.0	24.0	25.0	26.0	27.0	28.0	29.0	30.0	31.0	32.0	33.0	34.0	35.0	36.0
Sample_IPO3916_D7_R1_val_1	5.0	253.0	1498.0	4726.0	10493.0	19671.0	31773.0	47729.0	69195.0	97688.0	139555.0	209384.0	353216.0	796096.0	2649443.0
	21.0	22.0	23.0	24.0	25.0	26.0	27.0	28.0	29.0	30.0	31.0	32.0	33.0	34.0	35.0	36.0
Sample_IPO3916_D7_R2_val_2	9.0	738.0	4163.0	9322.0	15366.0	23024.0	31442.0	42232.0	54766.0	70354.0	92642.0	125749.0	181919.0	299799.0	659060.0	2820140.0
	22.0	23.0	24.0	25.0	26.0	27.0	28.0	29.0	30.0	31.0	32.0	33.0	34.0	35.0	36.0
Sample_IPO3916_D8_R1_val_1	20.0	328.0	1854.0	5825.0	13372.0	24633.0	39557.0	59402.0	85445.0	120844.0	173612.0	262242.0	441072.0	979028.0	2763696.0
	21.0	22.0	23.0	24.0	25.0	26.0	27.0	28.0	29.0	30.0	31.0	32.0	33.0	34.0	35.0	36.0
Sample_IPO3916_D8_R2_val_2	9.0	683.0	3667.0	8549.0	14809.0	22475.0	31643.0	42727.0	56020.0	73356.0	97789.0	133296.0	193258.0	320533.0	713320.0	3258796.0
	22.0	23.0	24.0	25.0	26.0	27.0	28.0	29.0	30.0	31.0	32.0	33.0	34.0	35.0	36.0
Sample_IPO3916_D9_R1_val_1	8.0	212.0	1339.0	4295.0	9895.0	18254.0	30163.0	45407.0	65931.0	94502.0	138752.0	210836.0	344475.0	727515.0	2499004.0
	20.0	21.0	22.0	23.0	24.0	25.0	26.0	27.0	28.0	29.0	30.0	31.0	32.0	33.0	34.0	35.0	36.0
Sample_IPO3916_D9_R2_val_2	2.0	7.0	588.0	3357.0	7840.0	13226.0	19681.0	27152.0	36221.0	47575.0	62007.0	81986.0	112927.0	164113.0	271743.0	589708.0	2752455.0
	22.0	23.0	24.0	25.0	26.0	27.0	28.0	29.0	30.0	31.0	32.0	33.0	34.0	35.0	36.0
Sample_IPO3916_E10_R1_val_1	16.0	441.0	2443.0	8273.0	18277.0	33730.0	54564.0	82915.0	118727.0	167696.0	238240.0	358965.0	605271.0	1385270.0	4407249.0
	20.0	21.0	22.0	23.0	24.0	25.0	26.0	27.0	28.0	29.0	30.0	31.0	32.0	33.0	34.0	35.0	36.0
Sample_IPO3916_E10_R2_val_2	1.0	3.0	1119.0	6472.0	14715.0	25409.0	37803.0	51495.0	68792.0	89067.0	115629.0	150905.0	204073.0	294602.0	484383.0	1079065.0	4858544.0
	22.0	23.0	24.0	25.0	26.0	27.0	28.0	29.0	30.0	31.0	32.0	33.0	34.0	35.0	36.0
Sample_IPO3916_E11_R1_val_1	25.0	484.0	2791.0	9025.0	21011.0	40148.0	66267.0	101679.0	148673.0	213045.0	308461.0	464983.0	772481.0	1703040.0	5950234.0
	20.0	21.0	22.0	23.0	24.0	25.0	26.0	27.0	28.0	29.0	30.0	31.0	32.0	33.0	34.0	35.0	36.0
Sample_IPO3916_E11_R2_val_2	1.0	31.0	2125.0	12070.0	26338.0	43927.0	64031.0	86566.0	112576.0	143985.0	183607.0	238125.0	320915.0	460853.0	746926.0	1569046.0	5791225.0
	21.0	22.0	23.0	24.0	25.0	26.0	27.0	28.0	29.0	30.0	31.0	32.0	33.0	34.0	35.0	36.0
Sample_IPO3916_E12_R1_val_1	1.0	22.0	337.0	2082.0	6479.0	14660.0	26709.0	43498.0	65239.0	93299.0	131212.0	188318.0	279297.0	470099.0	1068513.0	3628027.0
	21.0	22.0	23.0	24.0	25.0	26.0	27.0	28.0	29.0	30.0	31.0	32.0	33.0	34.0	35.0	36.0
Sample_IPO3916_E12_R2_val_2	13.0	862.0	4859.0	10983.0	19201.0	28291.0	39716.0	52296.0	68914.0	89283.0	116984.0	157444.0	226936.0	370150.0	819696.0	4012164.0
	22.0	23.0	24.0	25.0	26.0	27.0	28.0	29.0	30.0	31.0	32.0	33.0	34.0	35.0	36.0
Sample_IPO3916_E1_R1_val_1	20.0	365.0	2237.0	7172.0	16420.0	30996.0	51325.0	78206.0	113349.0	161134.0	232885.0	348809.0	570329.0	1245742.0	5329738.0
	20.0	21.0	22.0	23.0	24.0	25.0	26.0	27.0	28.0	29.0	30.0	31.0	32.0	33.0	34.0	35.0	36.0
Sample_IPO3916_E1_R2_val_2	2.0	34.0	1772.0	9446.0	19976.0	33446.0	48456.0	64479.0	84229.0	106857.0	136147.0	177220.0	237231.0	337194.0	536769.0	1130455.0	5265014.0
	22.0	23.0	24.0	25.0	26.0	27.0	28.0	29.0	30.0	31.0	32.0	33.0	34.0	35.0	36.0
Sample_IPO3916_E2_R1_val_1	13.0	215.0	1097.0	3238.0	6849.0	12030.0	19238.0	28902.0	43076.0	63459.0	92521.0	133078.0	203738.0	421328.0	1619317.0
	19.0	20.0	21.0	22.0	23.0	24.0	25.0	26.0	27.0	28.0	29.0	30.0	31.0	32.0	33.0	34.0	35.0	36.0
Sample_IPO3916_E2_R2_val_2	2.0	0.0	25.0	673.0	3182.0	6709.0	10909.0	15708.0	21182.0	27781.0	36043.0	47872.0	63885.0	87059.0	120899.0	185767.0	371480.0	1648923.0
	22.0	23.0	24.0	25.0	26.0	27.0	28.0	29.0	30.0	31.0	32.0	33.0	34.0	35.0	36.0
Sample_IPO3916_E3_R1_val_1	15.0	329.0	1938.0	5889.0	13441.0	24421.0	39540.0	59071.0	85239.0	121438.0	175492.0	264616.0	436846.0	953722.0	3391353.0
	20.0	21.0	22.0	23.0	24.0	25.0	26.0	27.0	28.0	29.0	30.0	31.0	32.0	33.0	34.0	35.0	36.0
Sample_IPO3916_E3_R2_val_2	2.0	17.0	867.0	4476.0	10448.0	17583.0	26520.0	36466.0	48747.0	64090.0	83442.0	110144.0	150586.0	218941.0	359647.0	779535.0	3661839.0
	22.0	23.0	24.0	25.0	26.0	27.0	28.0	29.0	30.0	31.0	32.0	33.0	34.0	35.0	36.0
Sample_IPO3916_E4_R1_val_1	11.0	186.0	1025.0	3448.0	7608.0	14612.0	23569.0	35730.0	52565.0	77439.0	115010.0	180805.0	305508.0	660606.0	2055792.0
	20.0	21.0	22.0	23.0	24.0	25.0	26.0	27.0	28.0	29.0	30.0	31.0	32.0	33.0	34.0	35.0	36.0
Sample_IPO3916_E4_R2_val_2	1.0	15.0	640.0	3922.0	8817.0	14622.0	21162.0	28892.0	38083.0	48762.0	62924.0	82860.0	113403.0	168416.0	281330.0	605611.0	2054454.0
	22.0	23.0	24.0	25.0	26.0	27.0	28.0	29.0	30.0	31.0	32.0	33.0	34.0	35.0	36.0
Sample_IPO3916_E5_R1_val_1	13.0	218.0	1249.0	4230.0	9606.0	18605.0	30861.0	47676.0	69445.0	99764.0	143430.0	217302.0	357924.0	772398.0	2222200.0
	20.0	21.0	22.0	23.0	24.0	25.0	26.0	27.0	28.0	29.0	30.0	31.0	32.0	33.0	34.0	35.0	36.0
Sample_IPO3916_E5_R2_val_2	1.0	7.0	759.0	4262.0	9425.0	15996.0	23870.0	33141.0	43846.0	57121.0	74290.0	97191.0	132738.0	190779.0	310933.0	652905.0	2347657.0
	22.0	23.0	24.0	25.0	26.0	27.0	28.0	29.0	30.0	31.0	32.0	33.0	34.0	35.0	36.0
Sample_IPO3916_E6_R1_val_1	8.0	112.0	675.0	2215.0	5090.0	9583.0	15803.0	24054.0	34211.0	48360.0	68048.0	99886.0	164599.0	368851.0	1526185.0
	21.0	22.0	23.0	24.0	25.0	26.0	27.0	28.0	29.0	30.0	31.0	32.0	33.0	34.0	35.0	36.0
Sample_IPO3916_E6_R2_val_2	4.0	485.0	2875.0	6130.0	10221.0	14663.0	19807.0	25463.0	32058.0	40645.0	52030.0	69269.0	97421.0	156932.0	337455.0	1502222.0
	22.0	23.0	24.0	25.0	26.0	27.0	28.0	29.0	30.0	31.0	32.0	33.0	34.0	35.0	36.0
Sample_IPO3916_E7_R1_val_1	12.0	310.0	1664.0	5337.0	12144.0	22441.0	37120.0	56078.0	81403.0	115734.0	166660.0	251836.0	421699.0	937750.0	2935671.0
	21.0	22.0	23.0	24.0	25.0	26.0	27.0	28.0	29.0	30.0	31.0	32.0	33.0	34.0	35.0	36.0
Sample_IPO3916_E7_R2_val_2	9.0	783.0	4492.0	10000.0	17171.0	25820.0	35857.0	47003.0	61149.0	79061.0	104167.0	142513.0	206942.0	341466.0	745688.0	3223738.0
	22.0	23.0	24.0	25.0	26.0	27.0	28.0	29.0	30.0	31.0	32.0	33.0	34.0	35.0	36.0
Sample_IPO3916_E8_R1_val_1	4.0	161.0	953.0	3001.0	6702.0	12266.0	20182.0	30657.0	43866.0	62192.0	90237.0	135687.0	228869.0	513726.0	1757904.0
	21.0	22.0	23.0	24.0	25.0	26.0	27.0	28.0	29.0	30.0	31.0	32.0	33.0	34.0	35.0	36.0
Sample_IPO3916_E8_R2_val_2	2.0	482.0	2760.0	5911.0	10208.0	15247.0	20749.0	27381.0	34874.0	45416.0	59207.0	79985.0	114424.0	188872.0	409275.0	1891614.0
	22.0	23.0	24.0	25.0	26.0	27.0	28.0	29.0	30.0	31.0	32.0	33.0	34.0	35.0	36.0
Sample_IPO3916_E9_R1_val_1	8.0	212.0	1204.0	3904.0	8530.0	15825.0	25760.0	38972.0	56164.0	79475.0	113515.0	169169.0	286094.0	646236.0	2040833.0
	21.0	22.0	23.0	24.0	25.0	26.0	27.0	28.0	29.0	30.0	31.0	32.0	33.0	34.0	35.0	36.0
Sample_IPO3916_E9_R2_val_2	6.0	515.0	2936.0	6565.0	11247.0	16789.0	23506.0	31416.0	40871.0	53463.0	70378.0	95950.0	140281.0	230984.0	508520.0	2252474.0
	22.0	23.0	24.0	25.0	26.0	27.0	28.0	29.0	30.0	31.0	32.0	33.0	34.0	35.0	36.0
Sample_IPO3916_F10_R1_val_1	13.0	405.0	2512.0	7967.0	17880.0	32837.0	53534.0	80657.0	117066.0	165740.0	237634.0	360751.0	610660.0	1379864.0	3991340.0
	19.0	20.0	21.0	22.0	23.0	24.0	25.0	26.0	27.0	28.0	29.0	30.0	31.0	32.0	33.0	34.0	35.0	36.0
Sample_IPO3916_F10_R2_val_2	1.0	1.0	8.0	1015.0	6098.0	13843.0	23640.0	35212.0	49313.0	65314.0	84909.0	110694.0	145031.0	198358.0	287362.0	476454.0	1062784.0	4498823.0
	22.0	23.0	24.0	25.0	26.0	27.0	28.0	29.0	30.0	31.0	32.0	33.0	34.0	35.0	36.0
Sample_IPO3916_F11_R1_val_1	10.0	276.0	1727.0	5583.0	12767.0	24111.0	41031.0	63541.0	93573.0	138043.0	208592.0	328925.0	546261.0	1106110.0	3965509.0
	20.0	21.0	22.0	23.0	24.0	25.0	26.0	27.0	28.0	29.0	30.0	31.0	32.0	33.0	34.0	35.0	36.0
Sample_IPO3916_F11_R2_val_2	1.0	21.0	1352.0	7552.0	16639.0	27231.0	38960.0	51985.0	68068.0	87101.0	111835.0	148009.0	203088.0	300709.0	499065.0	1046663.0	3927780.0
	22.0	23.0	24.0	25.0	26.0	27.0	28.0	29.0	30.0	31.0	32.0	33.0	34.0	35.0	36.0
Sample_IPO3916_F12_R1_val_1	20.0	443.0	2734.0	8758.0	20348.0	37840.0	62458.0	93084.0	134433.0	188274.0	266925.0	397340.0	660781.0	1496129.0	5514932.0
	21.0	22.0	23.0	24.0	25.0	26.0	27.0	28.0	29.0	30.0	31.0	32.0	33.0	34.0	35.0	36.0
Sample_IPO3916_F12_R2_val_2	13.0	1469.0	8431.0	19382.0	32720.0	48127.0	65495.0	86847.0	110385.0	141802.0	182762.0	243807.0	347855.0	561753.0	1233686.0	5799965.0
	22.0	23.0	24.0	25.0	26.0	27.0	28.0	29.0	30.0	31.0	32.0	33.0	34.0	35.0	36.0
Sample_IPO3916_F1_R1_val_1	32.0	789.0	4947.0	15811.0	36488.0	67306.0	109085.0	164346.0	234307.0	329993.0	467487.0	690068.0	1136514.0	2516393.0	8542316.0
	21.0	22.0	23.0	24.0	25.0	26.0	27.0	28.0	29.0	30.0	31.0	32.0	33.0	34.0	35.0	36.0
Sample_IPO3916_F1_R2_val_2	25.0	1949.0	11258.0	25781.0	44825.0	67787.0	95495.0	127494.0	167037.0	216345.0	284636.0	386276.0	555273.0	902995.0	1964977.0	9463729.0
	22.0	23.0	24.0	25.0	26.0	27.0	28.0	29.0	30.0	31.0	32.0	33.0	34.0	35.0	36.0
Sample_IPO3916_F2_R1_val_1	9.0	180.0	977.0	3126.0	7259.0	13848.0	23150.0	35180.0	51620.0	74761.0	109396.0	167284.0	277363.0	599822.0	2099342.0
	20.0	21.0	22.0	23.0	24.0	25.0	26.0	27.0	28.0	29.0	30.0	31.0	32.0	33.0	34.0	35.0	36.0
Sample_IPO3916_F2_R2_val_2	1.0	17.0	726.0	3768.0	8356.0	14021.0	20085.0	27859.0	36706.0	47400.0	61341.0	80624.0	109742.0	160380.0	261290.0	548790.0	2082211.0
	22.0	23.0	24.0	25.0	26.0	27.0	28.0	29.0	30.0	31.0	32.0	33.0	34.0	35.0	36.0
Sample_IPO3916_F3_R1_val_1	10.0	152.0	1002.0	3164.0	7237.0	13825.0	22273.0	34249.0	49490.0	70143.0	101344.0	152120.0	250298.0	537667.0	2077931.0
	21.0	22.0	23.0	24.0	25.0	26.0	27.0	28.0	29.0	30.0	31.0	32.0	33.0	34.0	35.0	36.0
Sample_IPO3916_F3_R2_val_2	11.0	557.0	3391.0	7449.0	12432.0	18395.0	24743.0	33292.0	41929.0	53644.0	69552.0	94084.0	134112.0	216766.0	464040.0	2146508.0
	22.0	23.0	24.0	25.0	26.0	27.0	28.0	29.0	30.0	31.0	32.0	33.0	34.0	35.0	36.0
Sample_IPO3916_F4_R1_val_1	14.0	250.0	1525.0	4620.0	10387.0	18713.0	30082.0	44936.0	64371.0	91652.0	133458.0	205303.0	355753.0	830148.0	2566605.0
	20.0	21.0	22.0	23.0	24.0	25.0	26.0	27.0	28.0	29.0	30.0	31.0	32.0	33.0	34.0	35.0	36.0
Sample_IPO3916_F4_R2_val_2	1.0	4.0	628.0	3562.0	8383.0	14215.0	21492.0	29647.0	39331.0	51138.0	65889.0	87575.0	118945.0	175110.0	296860.0	679216.0	2765821.0
	24.0	25.0	26.0	27.0	28.0	29.0	30.0	31.0	32.0	33.0	34.0	35.0	36.0
Sample_IPO3916_F5_R1_val_1	4.0	6.0	10.0	18.0	25.0	37.0	50.0	52.0	91.0	119.0	150.0	312.0	1039.0
	22.0	23.0	24.0	25.0	26.0	27.0	28.0	29.0	30.0	31.0	32.0	33.0	34.0	35.0	36.0
Sample_IPO3916_F5_R2_val_2	3.0	8.0	17.0	18.0	35.0	27.0	42.0	57.0	52.0	58.0	78.0	102.0	140.0	246.0	1030.0
	22.0	23.0	24.0	25.0	26.0	27.0	28.0	29.0	30.0	31.0	32.0	33.0	34.0	35.0	36.0
Sample_IPO3916_F6_R1_val_1	8.0	169.0	1107.0	3722.0	8900.0	16362.0	27023.0	42830.0	64752.0	97682.0	144519.0	215416.0	335005.0	668954.0	2364647.0
	21.0	22.0	23.0	24.0	25.0	26.0	27.0	28.0	29.0	30.0	31.0	32.0	33.0	34.0	35.0	36.0
Sample_IPO3916_F6_R2_val_2	5.0	589.0	3415.0	7840.0	13300.0	19724.0	27609.0	36929.0	49454.0	67139.0	92176.0	127432.0	180875.0	285420.0	588307.0	2490882.0
	21.0	22.0	23.0	24.0	25.0	26.0	27.0	28.0	29.0	30.0	31.0	32.0	33.0	34.0	35.0	36.0
Sample_IPO3916_F7_R1_val_1	1.0	22.0	455.0	2716.0	8375.0	18671.0	34318.0	55282.0	82206.0	118545.0	165824.0	238152.0	359314.0	609987.0	1391397.0	4357536.0
	20.0	21.0	22.0	23.0	24.0	25.0	26.0	27.0	28.0	29.0	30.0	31.0	32.0	33.0	34.0	35.0	36.0
Sample_IPO3916_F7_R2_val_2	2.0	10.0	936.0	5306.0	12252.0	21117.0	31819.0	44954.0	60191.0	79261.0	104373.0	137360.0	187573.0	272523.0	453292.0	1016458.0	5015374.0
	22.0	23.0	24.0	25.0	26.0	27.0	28.0	29.0	30.0	31.0	32.0	33.0	34.0	35.0	36.0
Sample_IPO3916_F8_R1_val_1	15.0	297.0	1755.0	5968.0	13731.0	26289.0	43686.0	66582.0	96673.0	136527.0	194806.0	290579.0	483571.0	1089384.0	4521113.0
	21.0	22.0	23.0	24.0	25.0	26.0	27.0	28.0	29.0	30.0	31.0	32.0	33.0	34.0	35.0	36.0
Sample_IPO3916_F8_R2_val_2	15.0	1706.0	9426.0	20372.0	33266.0	47261.0	62417.0	78746.0	98622.0	124199.0	157159.0	206272.0	289938.0	463223.0	991861.0	4386493.0
	22.0	23.0	24.0	25.0	26.0	27.0	28.0	29.0	30.0	31.0	32.0	33.0	34.0	35.0	36.0
Sample_IPO3916_F9_R1_val_1	23.0	350.0	2021.0	6253.0	14751.0	27250.0	45039.0	68470.0	100247.0	145478.0	216492.0	336288.0	552464.0	1126461.0	3552123.0
	21.0	22.0	23.0	24.0	25.0	26.0	27.0	28.0	29.0	30.0	31.0	32.0	33.0	34.0	35.0	36.0
Sample_IPO3916_F9_R2_val_2	20.0	919.0	5292.0	11761.0	20135.0	29786.0	41518.0	54922.0	72555.0	95553.0	127343.0	175799.0	261088.0	433989.0	922856.0	3940174.0
	21.0	22.0	23.0	24.0	25.0	26.0	27.0	28.0	29.0	30.0	31.0	32.0	33.0	34.0	35.0	36.0
Sample_IPO3916_G10_R1_val_1	5.0	274.0	4630.0	26076.0	81049.0	183014.0	337484.0	545927.0	817013.0	1161708.0	1626184.0	2287915.0	3368678.0	5555493.0	12703147.0	67276239.0
	19.0	20.0	21.0	22.0	23.0	24.0	25.0	26.0	27.0	28.0	29.0	30.0	31.0	32.0	33.0	34.0	35.0	36.0
Sample_IPO3916_G10_R2_val_2	4.0	49.0	570.0	12940.0	66564.0	151681.0	264942.0	403804.0	568493.0	762593.0	997848.0	1288617.0	1680082.0	2252104.0	3199403.0	5134345.0	11156125.0	68034672.0
	22.0	23.0	24.0	25.0	26.0	27.0	28.0	29.0	30.0	31.0	32.0	33.0	34.0	35.0	36.0
Sample_IPO3916_G11_R1_val_1	28.0	583.0	3462.0	10885.0	24095.0	44243.0	71975.0	108193.0	154906.0	220354.0	316155.0	481938.0	837566.0	2015854.0	6799095.0
	21.0	22.0	23.0	24.0	25.0	26.0	27.0	28.0	29.0	30.0	31.0	32.0	33.0	34.0	35.0	36.0
Sample_IPO3916_G11_R2_val_2	19.0	2403.0	14394.0	31079.0	50913.0	72451.0	96561.0	123098.0	154657.0	193356.0	247328.0	327933.0	469617.0	776772.0	1761339.0	6767412.0
	21.0	22.0	23.0	24.0	25.0	26.0	27.0	28.0	29.0	30.0	31.0	32.0	33.0	34.0	35.0	36.0
Sample_IPO3916_G12_R1_val_1	7.0	129.0	2163.0	12341.0	37634.0	85184.0	157996.0	256244.0	389596.0	564973.0	811362.0	1180108.0	1797066.0	2949037.0	6390149.0	26463703.0
	19.0	20.0	21.0	22.0	23.0	24.0	25.0	26.0	27.0	28.0	29.0	30.0	31.0	32.0	33.0	34.0	35.0	36.0
Sample_IPO3916_G12_R2_val_2	2.0	12.0	231.0	5014.0	25707.0	58908.0	103005.0	157673.0	224720.0	306886.0	407895.0	535001.0	714812.0	980531.0	1426926.0	2334243.0	5049984.0	28766142.0
	21.0	22.0	23.0	24.0	25.0	26.0	27.0	28.0	29.0	30.0	31.0	32.0	33.0	34.0	35.0	36.0
Sample_IPO3916_G1_R1_val_1	1.0	47.0	849.0	5012.0	16364.0	37024.0	69661.0	113597.0	172685.0	251252.0	357417.0	520335.0	785765.0	1302818.0	2809279.0	11790039.0
	20.0	21.0	22.0	23.0	24.0	25.0	26.0	27.0	28.0	29.0	30.0	31.0	32.0	33.0	34.0	35.0	36.0
Sample_IPO3916_G1_R2_val_2	3.0	78.0	3601.0	18255.0	40537.0	67472.0	98386.0	134805.0	175491.0	225333.0	288030.0	374123.0	506461.0	726711.0	1173162.0	2481176.0	11918521.0
	22.0	23.0	24.0	25.0	26.0	27.0	28.0	29.0	30.0	31.0	32.0	33.0	34.0	35.0	36.0
Sample_IPO3916_G2_R1_val_1	24.0	461.0	2503.0	7849.0	17909.0	32880.0	54259.0	80742.0	116790.0	164226.0	236505.0	354720.0	585402.0	1280045.0	5700069.0
	20.0	21.0	22.0	23.0	24.0	25.0	26.0	27.0	28.0	29.0	30.0	31.0	32.0	33.0	34.0	35.0	36.0
Sample_IPO3916_G2_R2_val_2	1.0	33.0	1440.0	7586.0	16944.0	28332.0	41861.0	56930.0	74551.0	95288.0	122500.0	159268.0	213069.0	305321.0	495457.0	1073243.0	5942560.0
	22.0	23.0	24.0	25.0	26.0	27.0	28.0	29.0	30.0	31.0	32.0	33.0	34.0	35.0	36.0
Sample_IPO3916_G3_R1_val_1	8.0	235.0	1455.0	4498.0	10150.0	18740.0	30746.0	46342.0	66856.0	94600.0	135965.0	204328.0	344702.0	779962.0	2907063.0
	20.0	21.0	22.0	23.0	24.0	25.0	26.0	27.0	28.0	29.0	30.0	31.0	32.0	33.0	34.0	35.0	36.0
Sample_IPO3916_G3_R2_val_2	1.0	12.0	891.0	5141.0	11313.0	18614.0	27072.0	36503.0	47777.0	61019.0	77483.0	100420.0	134456.0	192523.0	314509.0	688176.0	2929740.0
	21.0	22.0	23.0	24.0	25.0	26.0	27.0	28.0	29.0	30.0	31.0	32.0	33.0	34.0	35.0	36.0
Sample_IPO3916_G4_R1_val_1	1.0	21.0	301.0	1889.0	6179.0	14202.0	27136.0	45109.0	69785.0	101411.0	146257.0	211475.0	322600.0	543073.0	1223914.0	4662340.0
	21.0	22.0	23.0	24.0	25.0	26.0	27.0	28.0	29.0	30.0	31.0	32.0	33.0	34.0	35.0	36.0
Sample_IPO3916_G4_R2_val_2	20.0	1831.0	10915.0	23722.0	38140.0	54141.0	71555.0	90311.0	113397.0	141975.0	181940.0	241726.0	346065.0	562721.0	1207359.0	4289875.0
	21.0	22.0	23.0	24.0	25.0	26.0	27.0	28.0	29.0	30.0	31.0	32.0	33.0	34.0	35.0	36.0
Sample_IPO3916_G5_R1_val_1	1.0	146.0	2073.0	11105.0	33309.0	72682.0	133415.0	211914.0	318423.0	457004.0	652672.0	951505.0	1455568.0	2445325.0	5512504.0	19516521.0
	20.0	21.0	22.0	23.0	24.0	25.0	26.0	27.0	28.0	29.0	30.0	31.0	32.0	33.0	34.0	35.0	36.0
Sample_IPO3916_G5_R2_val_2	14.0	137.0	3593.0	17980.0	41039.0	71450.0	108739.0	155510.0	211740.0	282867.0	375176.0	501566.0	695723.0	1023120.0	1696567.0	3783006.0	22805940.0
	22.0	23.0	24.0	25.0	26.0	27.0	28.0	29.0	30.0	31.0	32.0	33.0	34.0	35.0	36.0
Sample_IPO3916_G6_R1_val_1	11.0	188.0	1259.0	4023.0	9169.0	17436.0	28808.0	44150.0	64921.0	93077.0	135790.0	208331.0	343816.0	732131.0	2844566.0
	20.0	21.0	22.0	23.0	24.0	25.0	26.0	27.0	28.0	29.0	30.0	31.0	32.0	33.0	34.0	35.0	36.0
Sample_IPO3916_G6_R2_val_2	2.0	26.0	917.0	5184.0	11421.0	18659.0	26959.0	36748.0	47829.0	61752.0	78950.0	102601.0	139068.0	201080.0	329235.0	698988.0	2768257.0
	22.0	23.0	24.0	25.0	26.0	27.0	28.0	29.0	30.0	31.0	32.0	33.0	34.0	35.0	36.0
Sample_IPO3916_G7_R1_val_1	29.0	555.0	3091.0	9879.0	22467.0	41131.0	67824.0	102240.0	148244.0	211596.0	307628.0	464901.0	777008.0	1718317.0	5427725.0
	19.0	20.0	21.0	22.0	23.0	24.0	25.0	26.0	27.0	28.0	29.0	30.0	31.0	32.0	33.0	34.0	35.0	36.0
Sample_IPO3916_G7_R2_val_2	1.0	2.0	29.0	1592.0	9032.0	19567.0	33968.0	49651.0	68885.0	90547.0	117589.0	152633.0	199654.0	272196.0	396010.0	650959.0	1407310.0	5833010.0
	22.0	23.0	24.0	25.0	26.0	27.0	28.0	29.0	30.0	31.0	32.0	33.0	34.0	35.0	36.0
Sample_IPO3916_G8_R1_val_1	9.0	175.0	1093.0	3655.0	8470.0	15713.0	26137.0	39699.0	56438.0	79316.0	112823.0	167964.0	279395.0	638829.0	2678970.0
	21.0	22.0	23.0	24.0	25.0	26.0	27.0	28.0	29.0	30.0	31.0	32.0	33.0	34.0	35.0	36.0
Sample_IPO3916_G8_R2_val_2	11.0	780.0	4708.0	10311.0	17248.0	24503.0	33146.0	42456.0	53835.0	68468.0	87276.0	115160.0	162880.0	263072.0	575291.0	2649541.0
	22.0	23.0	24.0	25.0	26.0	27.0	28.0	29.0	30.0	31.0	32.0	33.0	34.0	35.0	36.0
Sample_IPO3916_G9_R1_val_1	25.0	548.0	2884.0	8966.0	20250.0	37244.0	60262.0	91435.0	132259.0	188544.0	275075.0	417517.0	692321.0	1517187.0	4758522.0
	20.0	21.0	22.0	23.0	24.0	25.0	26.0	27.0	28.0	29.0	30.0	31.0	32.0	33.0	34.0	35.0	36.0
Sample_IPO3916_G9_R2_val_2	1.0	12.0	1183.0	6654.0	15177.0	25755.0	38734.0	54329.0	71100.0	94023.0	122666.0	161154.0	220402.0	323797.0	533547.0	1172868.0	5361637.0
	22.0	23.0	24.0	25.0	26.0	27.0	28.0	29.0	30.0	31.0	32.0	33.0	34.0	35.0	36.0
Sample_IPO3916_H10_R1_val_1	6.0	472.0	2705.0	8509.0	19614.0	36245.0	60580.0	90940.0	132146.0	188434.0	270390.0	409105.0	692631.0	1595104.0	5480687.0
	20.0	21.0	22.0	23.0	24.0	25.0	26.0	27.0	28.0	29.0	30.0	31.0	32.0	33.0	34.0	35.0	36.0
Sample_IPO3916_H10_R2_val_2	2.0	16.0	1564.0	8633.0	19243.0	32131.0	47282.0	64498.0	84285.0	108083.0	139953.0	180350.0	242451.0	346713.0	563054.0	1228153.0	5921157.0
	20.0	21.0	22.0	23.0	24.0	25.0	26.0	27.0	28.0	29.0	30.0	31.0	32.0	33.0	34.0	35.0	36.0
Sample_IPO3916_H11_R1_val_1	1.0	8.0	558.0	8395.0	44426.0	132850.0	290446.0	525042.0	839712.0	1244322.0	1769557.0	2472629.0	3498900.0	5176985.0	8558496.0	19681910.0	91852073.0
	19.0	20.0	21.0	22.0	23.0	24.0	25.0	26.0	27.0	28.0	29.0	30.0	31.0	32.0	33.0	34.0	35.0	36.0
Sample_IPO3916_H11_R2_val_2	11.0	84.0	869.0	16156.0	77995.0	176182.0	307447.0	472459.0	675898.0	921361.0	1222227.0	1609300.0	2132009.0	2898453.0	4166680.0	6738400.0	14732730.0	99948049.0
	21.0	22.0	23.0	24.0	25.0	26.0	27.0	28.0	29.0	30.0	31.0	32.0	33.0	34.0	35.0	36.0
Sample_IPO3916_H12_R1_val_1	18.0	615.0	8987.0	47157.0	144679.0	318673.0	579298.0	929704.0	1382144.0	1980771.0	2805797.0	4045619.0	6085168.0	9896478.0	21713537.0	101555471.0
	19.0	20.0	21.0	22.0	23.0	24.0	25.0	26.0	27.0	28.0	29.0	30.0	31.0	32.0	33.0	34.0	35.0	36.0
Sample_IPO3916_H12_R2_val_2	10.0	100.0	825.0	13324.0	65672.0	153287.0	278460.0	443033.0	652838.0	909995.0	1237776.0	1660911.0	2247001.0	3109792.0	4561449.0	7504420.0	16392716.0	112262507.0
	22.0	23.0	24.0	25.0	26.0	27.0	28.0	29.0	30.0	31.0	32.0	33.0	34.0	35.0	36.0
Sample_IPO3916_H1_R1_val_1	11.0	192.0	1302.0	4059.0	8986.0	16930.0	27872.0	42001.0	60537.0	86714.0	125729.0	191967.0	320786.0	714158.0	2991091.0
	21.0	22.0	23.0	24.0	25.0	26.0	27.0	28.0	29.0	30.0	31.0	32.0	33.0	34.0	35.0	36.0
Sample_IPO3916_H1_R2_val_2	19.0	896.0	4983.0	11111.0	18192.0	26281.0	35575.0	45753.0	57927.0	73388.0	95016.0	127847.0	183785.0	300333.0	649930.0	2961299.0
	22.0	23.0	24.0	25.0	26.0	27.0	28.0	29.0	30.0	31.0	32.0	33.0	34.0	35.0	36.0
Sample_IPO3916_H2_R1_val_1	4.0	114.0	639.0	2064.0	4802.0	8658.0	14285.0	21733.0	30905.0	43779.0	61858.0	92297.0	156452.0	372705.0	1601732.0
	20.0	21.0	22.0	23.0	24.0	25.0	26.0	27.0	28.0	29.0	30.0	31.0	32.0	33.0	34.0	35.0	36.0
Sample_IPO3916_H2_R2_val_2	1.0	6.0	619.0	3566.0	7716.0	12244.0	16843.0	22039.0	27950.0	34450.0	42954.0	54212.0	71191.0	100003.0	162323.0	359803.0	1496107.0
	22.0	23.0	24.0	25.0	26.0	27.0	28.0	29.0	30.0	31.0	32.0	33.0	34.0	35.0	36.0
Sample_IPO3916_H3_R1_val_1	14.0	302.0	1735.0	5655.0	12822.0	23352.0	37999.0	56492.0	82008.0	115826.0	164334.0	242919.0	401700.0	902196.0	3338462.0
	20.0	21.0	22.0	23.0	24.0	25.0	26.0	27.0	28.0	29.0	30.0	31.0	32.0	33.0	34.0	35.0	36.0
Sample_IPO3916_H3_R2_val_2	1.0	13.0	1122.0	6159.0	13638.0	22371.0	32607.0	43980.0	56582.0	71614.0	91732.0	117847.0	155946.0	220364.0	349694.0	752914.0	3449232.0
	21.0	22.0	23.0	24.0	25.0	26.0	27.0	28.0	29.0	30.0	31.0	32.0	33.0	34.0	35.0	36.0
Sample_IPO3916_H4_R1_val_1	1.0	11.0	369.0	1886.0	6076.0	13952.0	25838.0	42525.0	64423.0	93559.0	133447.0	193066.0	293513.0	491438.0	1079023.0	3145301.0
	20.0	21.0	22.0	23.0	24.0	25.0	26.0	27.0	28.0	29.0	30.0	31.0	32.0	33.0	34.0	35.0	36.0
Sample_IPO3916_H4_R2_val_2	2.0	15.0	858.0	4851.0	10996.0	18856.0	28640.0	39721.0	53259.0	69644.0	91203.0	120512.0	164964.0	241386.0	402145.0	879238.0	3458138.0
	22.0	23.0	24.0	25.0	26.0	27.0	28.0	29.0	30.0	31.0	32.0	33.0	34.0	35.0	36.0
Sample_IPO3916_H5_R1_val_1	16.0	175.0	1053.0	3346.0	7502.0	13824.0	22922.0	34822.0	51483.0	74353.0	110305.0	170987.0	289516.0	636415.0	2118045.0
	20.0	21.0	22.0	23.0	24.0	25.0	26.0	27.0	28.0	29.0	30.0	31.0	32.0	33.0	34.0	35.0	36.0
Sample_IPO3916_H5_R2_val_2	1.0	15.0	931.0	5063.0	10791.0	17179.0	24589.0	32578.0	42451.0	53505.0	68221.0	88400.0	119159.0	174159.0	287232.0	609901.0	2000589.0
	22.0	23.0	24.0	25.0	26.0	27.0	28.0	29.0	30.0	31.0	32.0	33.0	34.0	35.0	36.0
Sample_IPO3916_H6_R1_val_1	15.0	227.0	1438.0	4390.0	10374.0	19170.0	31789.0	48873.0	71783.0	105241.0	157588.0	245378.0	395772.0	810610.0	2870673.0
	20.0	21.0	22.0	23.0	24.0	25.0	26.0	27.0	28.0	29.0	30.0	31.0	32.0	33.0	34.0	35.0	36.0
Sample_IPO3916_H6_R2_val_2	1.0	14.0	767.0	4352.0	9637.0	16382.0	24509.0	33970.0	45147.0	59016.0	77135.0	102478.0	141118.0	208078.0	346865.0	737821.0	2966031.0
	22.0	23.0	24.0	25.0	26.0	27.0	28.0	29.0	30.0	31.0	32.0	33.0	34.0	35.0	36.0
Sample_IPO3916_H7_R1_val_1	20.0	426.0	2425.0	7493.0	16986.0	31730.0	51278.0	77279.0	111587.0	158067.0	228745.0	346062.0	587980.0	1333463.0	3823354.0
	21.0	22.0	23.0	24.0	25.0	26.0	27.0	28.0	29.0	30.0	31.0	32.0	33.0	34.0	35.0	36.0
Sample_IPO3916_H7_R2_val_2	10.0	1104.0	5954.0	13191.0	22666.0	33568.0	47043.0	62660.0	81409.0	106389.0	139292.0	190021.0	276192.0	458018.0	1007181.0	4332197.0
	22.0	23.0	24.0	25.0	26.0	27.0	28.0	29.0	30.0	31.0	32.0	33.0	34.0	35.0	36.0
Sample_IPO3916_H8_R1_val_1	11.0	239.0	1335.0	4248.0	9666.0	17865.0	29327.0	44193.0	63329.0	89323.0	127758.0	194430.0	330260.0	753807.0	2229191.0
	21.0	22.0	23.0	24.0	25.0	26.0	27.0	28.0	29.0	30.0	31.0	32.0	33.0	34.0	35.0	36.0
Sample_IPO3916_H8_R2_val_2	4.0	564.0	3203.0	7668.0	12696.0	19213.0	27058.0	35637.0	47033.0	60647.0	79450.0	108441.0	157900.0	261372.0	585624.0	2488472.0
	22.0	23.0	24.0	25.0	26.0	27.0	28.0	29.0	30.0	31.0	32.0	33.0	34.0	35.0	36.0
Sample_IPO3916_H9_R1_val_1	10.0	163.0	863.0	2904.0	6804.0	12656.0	20696.0	32018.0	45571.0	65068.0	93349.0	139457.0	230080.0	510486.0	2083734.0
	21.0	22.0	23.0	24.0	25.0	26.0	27.0	28.0	29.0	30.0	31.0	32.0	33.0	34.0	35.0	36.0
Sample_IPO3916_H9_R2_val_2	10.0	793.0	4201.0	9157.0	14840.0	20694.0	27623.0	35411.0	44733.0	56359.0	71216.0	94754.0	134998.0	216306.0	460204.0	2052560.0
	22.0	23.0	24.0	25.0	26.0	27.0	28.0	29.0	30.0	31.0	32.0	33.0	34.0	35.0	36.0
Sample_IPO3917_A10_R1_val_1	10.0	120.0	682.0	2296.0	5326.0	9880.0	16447.0	25620.0	37204.0	53282.0	76535.0	114857.0	193450.0	448462.0	2213261.0
	20.0	21.0	22.0	23.0	24.0	25.0	26.0	27.0	28.0	29.0	30.0	31.0	32.0	33.0	34.0	35.0	36.0
Sample_IPO3917_A10_R2_val_2	1.0	12.0	956.0	4914.0	9975.0	15723.0	21025.0	27349.0	34227.0	42015.0	51939.0	65023.0	85019.0	119331.0	188877.0	414605.0	2116441.0
	22.0	23.0	24.0	25.0	26.0	27.0	28.0	29.0	30.0	31.0	32.0	33.0	34.0	35.0	36.0
Sample_IPO3917_A11_R1_val_1	13.0	357.0	2089.0	6534.0	14808.0	28132.0	46432.0	71805.0	104071.0	148574.0	215099.0	325748.0	549621.0	1247842.0	4760952.0
	21.0	22.0	23.0	24.0	25.0	26.0	27.0	28.0	29.0	30.0	31.0	32.0	33.0	34.0	35.0	36.0
Sample_IPO3917_A11_R2_val_2	17.0	1353.0	7525.0	16494.0	27119.0	38656.0	51966.0	67841.0	86255.0	110203.0	143004.0	191763.0	274112.0	446153.0	984222.0	5075394.0
	22.0	23.0	24.0	25.0	26.0	27.0	28.0	29.0	30.0	31.0	32.0	33.0	34.0	35.0	36.0
Sample_IPO3917_A12_R1_val_1	16.0	385.0	2549.0	7986.0	18044.0	33838.0	55843.0	84679.0	123612.0	178771.0	263181.0	403357.0	669445.0	1460069.0	5047611.0
	21.0	22.0	23.0	24.0	25.0	26.0	27.0	28.0	29.0	30.0	31.0	32.0	33.0	34.0	35.0	36.0
Sample_IPO3917_A12_R2_val_2	13.0	1311.0	7131.0	16020.0	26622.0	38741.0	52929.0	69708.0	89156.0	115680.0	151498.0	207272.0	301327.0	498223.0	1094511.0	5679244.0
	22.0	23.0	24.0	25.0	26.0	27.0	28.0	29.0	30.0	31.0	32.0	33.0	34.0	35.0	36.0
Sample_IPO3917_A1_R1_val_1	20.0	418.0	2316.0	7333.0	16222.0	30590.0	50440.0	77459.0	113069.0	165891.0	244052.0	371279.0	618277.0	1397554.0	4856971.0
	21.0	22.0	23.0	24.0	25.0	26.0	27.0	28.0	29.0	30.0	31.0	32.0	33.0	34.0	35.0	36.0
Sample_IPO3917_A1_R2_val_2	24.0	1375.0	7211.0	15614.0	25672.0	37892.0	52292.0	69090.0	89206.0	116205.0	154790.0	212286.0	311598.0	512230.0	1116162.0	5230244.0
	22.0	23.0	24.0	25.0	26.0	27.0	28.0	29.0	30.0	31.0	32.0	33.0	34.0	35.0	36.0
Sample_IPO3917_A2_R1_val_1	23.0	699.0	4009.0	12475.0	28216.0	52113.0	85332.0	129880.0	190833.0	273735.0	401626.0	615994.0	1062921.0	2439863.0	6943552.0
	20.0	21.0	22.0	23.0	24.0	25.0	26.0	27.0	28.0	29.0	30.0	31.0	32.0	33.0	34.0	35.0	36.0
Sample_IPO3917_A2_R2_val_2	1.0	29.0	1978.0	10090.0	22506.0	37324.0	55644.0	77664.0	101821.0	132709.0	172279.0	226456.0	309325.0	452208.0	753435.0	1704006.0	8183796.0
	22.0	23.0	24.0	25.0	26.0	27.0	28.0	29.0	30.0	31.0	32.0	33.0	34.0	35.0	36.0
Sample_IPO3917_A3_R1_val_1	8.0	232.0	1334.0	4031.0	8818.0	16498.0	27058.0	40923.0	58558.0	82863.0	118367.0	177076.0	298587.0	676398.0	2434838.0
	20.0	21.0	22.0	23.0	24.0	25.0	26.0	27.0	28.0	29.0	30.0	31.0	32.0	33.0	34.0	35.0	36.0
Sample_IPO3917_A3_R2_val_2	1.0	4.0	587.0	3350.0	7433.0	12108.0	18027.0	24790.0	32533.0	42084.0	53822.0	70480.0	95277.0	136423.0	223577.0	503230.0	2721863.0
	22.0	23.0	24.0	25.0	26.0	27.0	28.0	29.0	30.0	31.0	32.0	33.0	34.0	35.0	36.0
Sample_IPO3917_A4_R1_val_1	15.0	248.0	1462.0	4599.0	10513.0	20124.0	33612.0	52182.0	76609.0	111254.0	163814.0	252755.0	431495.0	966886.0	2974159.0
	21.0	22.0	23.0	24.0	25.0	26.0	27.0	28.0	29.0	30.0	31.0	32.0	33.0	34.0	35.0	36.0
Sample_IPO3917_A4_R2_val_2	10.0	840.0	4565.0	9960.0	16843.0	24681.0	33971.0	44706.0	57566.0	74881.0	98030.0	134350.0	195302.0	323737.0	722616.0	3357669.0
	21.0	22.0	23.0	24.0	25.0	26.0	27.0	28.0	29.0	30.0	31.0	32.0	33.0	34.0	35.0	36.0
Sample_IPO3917_A5_R1_val_1	1.0	72.0	1202.0	6216.0	18933.0	42138.0	77693.0	126763.0	193259.0	282415.0	414235.0	623657.0	985939.0	1640941.0	3427696.0	12524737.0
	19.0	20.0	21.0	22.0	23.0	24.0	25.0	26.0	27.0	28.0	29.0	30.0	31.0	32.0	33.0	34.0	35.0	36.0
Sample_IPO3917_A5_R2_val_2	1.0	9.0	98.0	2136.0	11072.0	24941.0	42300.0	63777.0	89521.0	123111.0	165596.0	221157.0	301749.0	423619.0	635837.0	1074904.0	2411948.0	14774121.0
	22.0	23.0	24.0	25.0	26.0	27.0	28.0	29.0	30.0	31.0	32.0	33.0	34.0	35.0	36.0
Sample_IPO3917_A6_R1_val_1	22.0	550.0	3323.0	10434.0	23932.0	45542.0	76023.0	116883.0	171500.0	248038.0	363374.0	555608.0	931116.0	2048967.0	6740555.0
	21.0	22.0	23.0	24.0	25.0	26.0	27.0	28.0	29.0	30.0	31.0	32.0	33.0	34.0	35.0	36.0
Sample_IPO3917_A6_R2_val_2	20.0	1950.0	10759.0	23886.0	39440.0	58607.0	81117.0	105394.0	137162.0	177268.0	232370.0	317733.0	464694.0	774042.0	1722077.0	7189348.0
	21.0	22.0	23.0	24.0	25.0	26.0	27.0	28.0	29.0	30.0	31.0	32.0	33.0	34.0	35.0	36.0
Sample_IPO3917_A7_R1_val_1	4.0	69.0	1043.0	5847.0	17809.0	39650.0	74337.0	121952.0	186641.0	273262.0	394716.0	579522.0	895009.0	1514064.0	3359054.0	13968888.0
	19.0	20.0	21.0	22.0	23.0	24.0	25.0	26.0	27.0	28.0	29.0	30.0	31.0	32.0	33.0	34.0	35.0	36.0
Sample_IPO3917_A7_R2_val_2	1.0	15.0	125.0	3311.0	16055.0	34738.0	59069.0	86863.0	120246.0	160007.0	209653.0	273635.0	363159.0	497309.0	725006.0	1196341.0	2624907.0	15061427.0
	22.0	23.0	24.0	25.0	26.0	27.0	28.0	29.0	30.0	31.0	32.0	33.0	34.0	35.0	36.0
Sample_IPO3917_A8_R1_val_1	16.0	380.0	2298.0	7270.0	16621.0	31507.0	52452.0	80915.0	119198.0	175083.0	259258.0	399990.0	672836.0	1432155.0	5015722.0
	21.0	22.0	23.0	24.0	25.0	26.0	27.0	28.0	29.0	30.0	31.0	32.0	33.0	34.0	35.0	36.0
Sample_IPO3917_A8_R2_val_2	16.0	1636.0	8536.0	18793.0	30710.0	44248.0	59070.0	76429.0	98985.0	126761.0	165777.0	225498.0	334084.0	554464.0	1204981.0	5315713.0
	21.0	22.0	23.0	24.0	25.0	26.0	27.0	28.0	29.0	30.0	31.0	32.0	33.0	34.0	35.0	36.0
Sample_IPO3917_A9_R1_val_1	1.0	26.0	632.0	3610.0	11773.0	26742.0	50680.0	83405.0	128494.0	187545.0	270184.0	395483.0	600931.0	1008802.0	2237015.0	8087647.0
	20.0	21.0	22.0	23.0	24.0	25.0	26.0	27.0	28.0	29.0	30.0	31.0	32.0	33.0	34.0	35.0	36.0
Sample_IPO3917_A9_R2_val_2	1.0	18.0	2119.0	11743.0	26138.0	43465.0	64162.0	88002.0	115843.0	150368.0	193606.0	255175.0	348252.0	508276.0	841731.0	1856452.0	8587619.0
	22.0	23.0	24.0	25.0	26.0	27.0	28.0	29.0	30.0	31.0	32.0	33.0	34.0	35.0	36.0
Sample_IPO3917_B10_R1_val_1	18.0	450.0	2644.0	8432.0	18635.0	35060.0	57586.0	87386.0	126750.0	181769.0	264279.0	401318.0	682573.0	1549436.0	5163112.0
	20.0	21.0	22.0	23.0	24.0	25.0	26.0	27.0	28.0	29.0	30.0	31.0	32.0	33.0	34.0	35.0	36.0
Sample_IPO3917_B10_R2_val_2	1.0	14.0	1355.0	7764.0	17117.0	28634.0	41804.0	57947.0	76359.0	98572.0	127669.0	167985.0	228601.0	334953.0	557813.0	1251354.0	5581506.0
	22.0	23.0	24.0	25.0	26.0	27.0	28.0	29.0	30.0	31.0	32.0	33.0	34.0	35.0	36.0
Sample_IPO3917_B11_R1_val_1	14.0	544.0	3147.0	9785.0	22144.0	41345.0	68109.0	104253.0	150736.0	215980.0	313085.0	473640.0	798283.0	1801968.0	6594592.0
	21.0	22.0	23.0	24.0	25.0	26.0	27.0	28.0	29.0	30.0	31.0	32.0	33.0	34.0	35.0	36.0
Sample_IPO3917_B11_R2_val_2	21.0	1836.0	10114.0	21856.0	36095.0	52751.0	71473.0	93334.0	119559.0	153704.0	201371.0	272371.0	394204.0	647638.0	1433213.0	7088085.0
	21.0	22.0	23.0	24.0	25.0	26.0	27.0	28.0	29.0	30.0	31.0	32.0	33.0	34.0	35.0	36.0
Sample_IPO3917_B12_R1_val_1	1.0	18.0	527.0	3128.0	9986.0	22394.0	41212.0	68008.0	104286.0	152719.0	221546.0	328309.0	504485.0	835796.0	1814427.0	6137772.0
	18.0	19.0	20.0	21.0	22.0	23.0	24.0	25.0	26.0	27.0	28.0	29.0	30.0	31.0	32.0	33.0	34.0	35.0	36.0
Sample_IPO3917_B12_R2_val_2	1.0	0.0	2.0	20.0	1360.0	7720.0	17388.0	29109.0	43151.0	60026.0	80434.0	105351.0	138552.0	183785.0	257160.0	379622.0	634318.0	1407531.0	6899084.0
	21.0	22.0	23.0	24.0	25.0	26.0	27.0	28.0	29.0	30.0	31.0	32.0	33.0	34.0	35.0	36.0
Sample_IPO3917_B1_R1_val_1	1.0	12.0	228.0	1140.0	3756.0	8633.0	16190.0	26971.0	41673.0	61492.0	89774.0	133385.0	207388.0	347461.0	722682.0	2740764.0
	20.0	21.0	22.0	23.0	24.0	25.0	26.0	27.0	28.0	29.0	30.0	31.0	32.0	33.0	34.0	35.0	36.0
Sample_IPO3917_B1_R2_val_2	1.0	14.0	840.0	4075.0	8750.0	14545.0	21029.0	28813.0	38283.0	49393.0	64549.0	84994.0	118044.0	173862.0	290567.0	624780.0	2879011.0
	22.0	23.0	24.0	25.0	26.0	27.0	28.0	29.0	30.0	31.0	32.0	33.0	34.0	35.0	36.0
Sample_IPO3917_B2_R1_val_1	8.0	179.0	985.0	2736.0	6279.0	11439.0	18724.0	28231.0	40324.0	57983.0	83555.0	126035.0	212994.0	486530.0	2136424.0
	21.0	22.0	23.0	24.0	25.0	26.0	27.0	28.0	29.0	30.0	31.0	32.0	33.0	34.0	35.0	36.0
Sample_IPO3917_B2_R2_val_2	8.0	784.0	4300.0	9195.0	14519.0	20859.0	27271.0	34984.0	43142.0	54852.0	70752.0	94378.0	135731.0	222589.0	486359.0	1992703.0
	22.0	23.0	24.0	25.0	26.0	27.0	28.0	29.0	30.0	31.0	32.0	33.0	34.0	35.0	36.0
Sample_IPO3917_B3_R1_val_1	22.0	430.0	2529.0	7938.0	18236.0	33954.0	56024.0	86636.0	128999.0	187211.0	279203.0	434005.0	721980.0	1525078.0	5121675.0
	20.0	21.0	22.0	23.0	24.0	25.0	26.0	27.0	28.0	29.0	30.0	31.0	32.0	33.0	34.0	35.0	36.0
Sample_IPO3917_B3_R2_val_2	1.0	16.0	1364.0	7543.0	16782.0	27695.0	40636.0	56358.0	74172.0	96791.0	127062.0	168747.0	234470.0	349658.0	588981.0	1287211.0	5526433.0
	22.0	23.0	24.0	25.0	26.0	27.0	28.0	29.0	30.0	31.0	32.0	33.0	34.0	35.0	36.0
Sample_IPO3917_B4_R1_val_1	12.0	388.0	2286.0	7408.0	17295.0	32063.0	54457.0	82391.0	119793.0	168603.0	241884.0	358464.0	599818.0	1349687.0	5269072.0
	21.0	22.0	23.0	24.0	25.0	26.0	27.0	28.0	29.0	30.0	31.0	32.0	33.0	34.0	35.0	36.0
Sample_IPO3917_B4_R2_val_2	7.0	1259.0	7309.0	16372.0	28255.0	41071.0	57003.0	75537.0	98224.0	126406.0	163308.0	221188.0	315245.0	515359.0	1149693.0	5487385.0
	22.0	23.0	24.0	25.0	26.0	27.0	28.0	29.0	30.0	31.0	32.0	33.0	34.0	35.0	36.0
Sample_IPO3917_B5_R1_val_1	15.0	431.0	2352.0	7290.0	16019.0	29503.0	47561.0	72923.0	106998.0	155182.0	231400.0	363979.0	625084.0	1414106.0	4405667.0
	20.0	21.0	22.0	23.0	24.0	25.0	26.0	27.0	28.0	29.0	30.0	31.0	32.0	33.0	34.0	35.0	36.0
Sample_IPO3917_B5_R2_val_2	2.0	18.0	1244.0	7204.0	15808.0	26064.0	38349.0	51987.0	67767.0	87804.0	113069.0	148745.0	204893.0	303622.0	519574.0	1181048.0	4711312.0
	22.0	23.0	24.0	25.0	26.0	27.0	28.0	29.0	30.0	31.0	32.0	33.0	34.0	35.0	36.0
Sample_IPO3917_B6_R1_val_1	16.0	398.0	2427.0	7935.0	18280.0	34552.0	56786.0	87816.0	128795.0	188720.0	278686.0	430145.0	712565.0	1520534.0	5228050.0
	20.0	21.0	22.0	23.0	24.0	25.0	26.0	27.0	28.0	29.0	30.0	31.0	32.0	33.0	34.0	35.0	36.0
Sample_IPO3917_B6_R2_val_2	2.0	15.0	1371.0	7635.0	16743.0	27656.0	40479.0	56124.0	74303.0	96326.0	125817.0	167250.0	229474.0	338703.0	567015.0	1240275.0	5706517.0
	22.0	23.0	24.0	25.0	26.0	27.0	28.0	29.0	30.0	31.0	32.0	33.0	34.0	35.0	36.0
Sample_IPO3917_B7_R1_val_1	30.0	528.0	2988.0	9353.0	21376.0	39559.0	66093.0	100719.0	147431.0	215175.0	318998.0	494105.0	817362.0	1740082.0	5680551.0
	20.0	21.0	22.0	23.0	24.0	25.0	26.0	27.0	28.0	29.0	30.0	31.0	32.0	33.0	34.0	35.0	36.0
Sample_IPO3917_B7_R2_val_2	1.0	16.0	1212.0	6658.0	14936.0	25674.0	38488.0	54089.0	72497.0	95372.0	126245.0	167498.0	234775.0	351104.0	597198.0	1323561.0	6545026.0
	22.0	23.0	24.0	25.0	26.0	27.0	28.0	29.0	30.0	31.0	32.0	33.0	34.0	35.0	36.0
Sample_IPO3917_B8_R1_val_1	27.0	426.0	2388.0	7497.0	16687.0	30870.0	50225.0	77424.0	113770.0	166181.0	250037.0	387873.0	642123.0	1339589.0	4022046.0
	21.0	22.0	23.0	24.0	25.0	26.0	27.0	28.0	29.0	30.0	31.0	32.0	33.0	34.0	35.0	36.0
Sample_IPO3917_B8_R2_val_2	8.0	864.0	4427.0	9832.0	16563.0	25076.0	35766.0	48622.0	64953.0	86398.0	118801.0	168521.0	257148.0	443662.0	998351.0	4828171.0
	22.0	23.0	24.0	25.0	26.0	27.0	28.0	29.0	30.0	31.0	32.0	33.0	34.0	35.0	36.0
Sample_IPO3917_B9_R1_val_1	13.0	527.0	2835.0	8659.0	19977.0	36897.0	60633.0	91759.0	132354.0	188609.0	271263.0	409745.0	694601.0	1581749.0	5732995.0
	21.0	22.0	23.0	24.0	25.0	26.0	27.0	28.0	29.0	30.0	31.0	32.0	33.0	34.0	35.0	36.0
Sample_IPO3917_B9_R2_val_2	14.0	1531.0	8251.0	17999.0	30174.0	44178.0	60267.0	78664.0	101413.0	129494.0	168404.0	226093.0	326962.0	536886.0	1209774.0	6292512.0
	22.0	23.0	24.0	25.0	26.0	27.0	28.0	29.0	30.0	31.0	32.0	33.0	34.0	35.0	36.0
Sample_IPO3917_C10_R1_val_1	36.0	777.0	4387.0	13821.0	32239.0	61038.0	100671.0	153850.0	225620.0	329424.0	485320.0	748596.0	1248052.0	2646692.0	9316428.0
	21.0	22.0	23.0	24.0	25.0	26.0	27.0	28.0	29.0	30.0	31.0	32.0	33.0	34.0	35.0	36.0
Sample_IPO3917_C10_R2_val_2	27.0	2396.0	13231.0	29538.0	49183.0	71213.0	96943.0	129398.0	167081.0	215611.0	285693.0	391393.0	572754.0	949123.0	2059121.0	10334246.0
	22.0	23.0	24.0	25.0	26.0	27.0	28.0	29.0	30.0	31.0	32.0	33.0	34.0	35.0	36.0
Sample_IPO3917_C11_R1_val_1	26.0	594.0	3489.0	11088.0	25426.0	47940.0	79969.0	122680.0	179513.0	257164.0	375159.0	570302.0	962557.0	2146670.0	7543597.0
	19.0	20.0	21.0	22.0	23.0	24.0	25.0	26.0	27.0	28.0	29.0	30.0	31.0	32.0	33.0	34.0	35.0	36.0
Sample_IPO3917_C11_R2_val_2	1.0	0.0	34.0	2321.0	12591.0	27602.0	45246.0	65801.0	88637.0	115766.0	147240.0	188448.0	244539.0	329518.0	474646.0	774338.0	1706438.0	8103008.0
	22.0	23.0	24.0	25.0	26.0	27.0	28.0	29.0	30.0	31.0	32.0	33.0	34.0	35.0	36.0
Sample_IPO3917_C12_R1_val_1	17.0	352.0	2101.0	6622.0	15367.0	28360.0	46046.0	70638.0	102349.0	146317.0	212429.0	321014.0	538846.0	1202794.0	4451692.0
	20.0	21.0	22.0	23.0	24.0	25.0	26.0	27.0	28.0	29.0	30.0	31.0	32.0	33.0	34.0	35.0	36.0
Sample_IPO3917_C12_R2_val_2	1.0	16.0	1232.0	6778.0	14515.0	24223.0	35044.0	47986.0	63480.0	80932.0	104731.0	136650.0	185160.0	268726.0	442144.0	978006.0	4755320.0
	22.0	23.0	24.0	25.0	26.0	27.0	28.0	29.0	30.0	31.0	32.0	33.0	34.0	35.0	36.0
Sample_IPO3917_C1_R1_val_1	8.0	261.0	1564.0	5028.0	11119.0	21015.0	34785.0	53051.0	78238.0	114594.0	171320.0	266272.0	439423.0	939972.0	3035347.0
	20.0	21.0	22.0	23.0	24.0	25.0	26.0	27.0	28.0	29.0	30.0	31.0	32.0	33.0	34.0	35.0	36.0
Sample_IPO3917_C1_R2_val_2	1.0	7.0	543.0	3103.0	6990.0	12114.0	18918.0	26778.0	36113.0	48528.0	64106.0	86907.0	121887.0	183546.0	316725.0	709216.0	3536515.0
	22.0	23.0	24.0	25.0	26.0	27.0	28.0	29.0	30.0	31.0	32.0	33.0	34.0	35.0	36.0
Sample_IPO3917_C2_R1_val_1	19.0	337.0	2070.0	6518.0	15577.0	29332.0	48456.0	74644.0	107998.0	153263.0	217958.0	324938.0	540095.0	1222447.0	4960199.0
	21.0	22.0	23.0	24.0	25.0	26.0	27.0	28.0	29.0	30.0	31.0	32.0	33.0	34.0	35.0	36.0
Sample_IPO3917_C2_R2_val_2	19.0	1486.0	8249.0	17944.0	29261.0	42117.0	57337.0	75094.0	95521.0	121489.0	156743.0	208360.0	294923.0	472157.0	1036687.0	5086464.0
	21.0	22.0	23.0	24.0	25.0	26.0	27.0	28.0	29.0	30.0	31.0	32.0	33.0	34.0	35.0	36.0
Sample_IPO3917_C3_R1_val_1	1.0	34.0	636.0	3574.0	11182.0	25452.0	47013.0	77179.0	117347.0	172027.0	248959.0	364291.0	551889.0	920595.0	2070698.0	7380725.0
	20.0	21.0	22.0	23.0	24.0	25.0	26.0	27.0	28.0	29.0	30.0	31.0	32.0	33.0	34.0	35.0	36.0
Sample_IPO3917_C3_R2_val_2	3.0	14.0	2071.0	11536.0	25763.0	42821.0	61769.0	83994.0	110787.0	142260.0	184993.0	242613.0	330342.0	484037.0	789920.0	1730734.0	7747945.0
	22.0	23.0	24.0	25.0	26.0	27.0	28.0	29.0	30.0	31.0	32.0	33.0	34.0	35.0	36.0
Sample_IPO3917_C4_R1_val_1	13.0	273.0	1755.0	5896.0	14166.0	27526.0	46381.0	71119.0	103594.0	147192.0	211292.0	312049.0	512132.0	1143468.0	5805608.0
	20.0	21.0	22.0	23.0	24.0	25.0	26.0	27.0	28.0	29.0	30.0	31.0	32.0	33.0	34.0	35.0	36.0
Sample_IPO3917_C4_R2_val_2	1.0	18.0	2352.0	12929.0	27278.0	42346.0	59162.0	77151.0	97522.0	121084.0	150130.0	189284.0	246692.0	343246.0	546883.0	1180726.0	5305660.0
	21.0	22.0	23.0	24.0	25.0	26.0	27.0	28.0	29.0	30.0	31.0	32.0	33.0	34.0	35.0	36.0
Sample_IPO3917_C5_R1_val_1	2.0	68.0	1271.0	6736.0	20903.0	46643.0	85055.0	138379.0	209081.0	303905.0	436577.0	634110.0	976988.0	1660995.0	3759190.0	15812632.0
	18.0	19.0	20.0	21.0	22.0	23.0	24.0	25.0	26.0	27.0	28.0	29.0	30.0	31.0	32.0	33.0	34.0	35.0	36.0
Sample_IPO3917_C5_R2_val_2	1.0	1.0	6.0	103.0	3153.0	17528.0	39156.0	64879.0	96406.0	133123.0	176738.0	229642.0	298851.0	395195.0	539576.0	785417.0	1299912.0	2906572.0	17106276.0
	22.0	23.0	24.0	25.0	26.0	27.0	28.0	29.0	30.0	31.0	32.0	33.0	34.0	35.0	36.0
Sample_IPO3917_C6_R1_val_1	5.0	254.0	1500.0	4661.0	10777.0	20659.0	34697.0	54706.0	81366.0	121524.0	185131.0	293482.0	496607.0	1067436.0	3059991.0
	21.0	22.0	23.0	24.0	25.0	26.0	27.0	28.0	29.0	30.0	31.0	32.0	33.0	34.0	35.0	36.0
Sample_IPO3917_C6_R2_val_2	17.0	1140.0	5590.0	12343.0	20023.0	29324.0	39709.0	52124.0	67646.0	87302.0	115313.0	159493.0	237250.0	397803.0	860237.0	3347482.0
	21.0	22.0	23.0	24.0	25.0	26.0	27.0	28.0	29.0	30.0	31.0	32.0	33.0	34.0	35.0	36.0
Sample_IPO3917_C7_R1_val_1	1.0	29.0	735.0	4062.0	12472.0	28185.0	52402.0	86139.0	130188.0	188758.0	269941.0	390419.0	590343.0	996030.0	2223673.0	6730708.0
	21.0	22.0	23.0	24.0	25.0	26.0	27.0	28.0	29.0	30.0	31.0	32.0	33.0	34.0	35.0	36.0
Sample_IPO3917_C7_R2_val_2	10.0	1499.0	8312.0	18436.0	31957.0	48199.0	67367.0	90931.0	120036.0	157019.0	208752.0	287191.0	420770.0	699914.0	1581084.0	7962608.0
	21.0	22.0	23.0	24.0	25.0	26.0	27.0	28.0	29.0	30.0	31.0	32.0	33.0	34.0	35.0	36.0
Sample_IPO3917_C8_R1_val_1	1.0	27.0	423.0	2357.0	7278.0	16900.0	31334.0	51981.0	79615.0	115019.0	164924.0	238695.0	363006.0	621540.0	1446297.0	5640965.0
	20.0	21.0	22.0	23.0	24.0	25.0	26.0	27.0	28.0	29.0	30.0	31.0	32.0	33.0	34.0	35.0	36.0
Sample_IPO3917_C8_R2_val_2	2.0	11.0	2164.0	11852.0	24436.0	38960.0	55537.0	73026.0	92088.0	116008.0	145627.0	186804.0	247276.0	353671.0	579328.0	1285127.0	5568445.0
	22.0	23.0	24.0	25.0	26.0	27.0	28.0	29.0	30.0	31.0	32.0	33.0	34.0	35.0	36.0
Sample_IPO3917_C9_R1_val_1	28.0	631.0	3360.0	10620.0	23724.0	43351.0	70970.0	106547.0	154540.0	221128.0	318259.0	482929.0	817047.0	1859552.0	6670847.0
	21.0	22.0	23.0	24.0	25.0	26.0	27.0	28.0	29.0	30.0	31.0	32.0	33.0	34.0	35.0	36.0
Sample_IPO3917_C9_R2_val_2	16.0	1561.0	8631.0	19052.0	31956.0	47272.0	64832.0	84869.0	110867.0	144368.0	188831.0	257645.0	374402.0	620533.0	1404189.0	7424509.0
	22.0	23.0	24.0	25.0	26.0	27.0	28.0	29.0	30.0	31.0	32.0	33.0	34.0	35.0	36.0
Sample_IPO3917_D10_R1_val_1	24.0	285.0	1506.0	4676.0	10395.0	18916.0	31929.0	48081.0	69433.0	101383.0	147929.0	225605.0	383972.0	861882.0	2772851.0
	21.0	22.0	23.0	24.0	25.0	26.0	27.0	28.0	29.0	30.0	31.0	32.0	33.0	34.0	35.0	36.0
Sample_IPO3917_D10_R2_val_2	8.0	809.0	4157.0	9090.0	14815.0	22182.0	29992.0	39429.0	51041.0	66141.0	86366.0	118752.0	174563.0	291020.0	650850.0	3119652.0
	22.0	23.0	24.0	25.0	26.0	27.0	28.0	29.0	30.0	31.0	32.0	33.0	34.0	35.0	36.0
Sample_IPO3917_D11_R1_val_1	11.0	362.0	2171.0	7086.0	16444.0	31620.0	52650.0	79547.0	116444.0	164216.0	234271.0	350375.0	580824.0	1307429.0	5895578.0
	21.0	22.0	23.0	24.0	25.0	26.0	27.0	28.0	29.0	30.0	31.0	32.0	33.0	34.0	35.0	36.0
Sample_IPO3917_D11_R2_val_2	12.0	1783.0	10309.0	21861.0	34706.0	50150.0	66846.0	84747.0	107035.0	134968.0	172409.0	226943.0	321793.0	512249.0	1116132.0	5977085.0
	22.0	23.0	24.0	25.0	26.0	27.0	28.0	29.0	30.0	31.0	32.0	33.0	34.0	35.0	36.0
Sample_IPO3917_D12_R1_val_1	15.0	344.0	1910.0	6071.0	13714.0	25371.0	41841.0	63863.0	91804.0	129776.0	186318.0	277498.0	463142.0	1044587.0	4209254.0
	21.0	22.0	23.0	24.0	25.0	26.0	27.0	28.0	29.0	30.0	31.0	32.0	33.0	34.0	35.0	36.0
Sample_IPO3917_D12_R2_val_2	14.0	1069.0	5843.0	12760.0	21212.0	31306.0	43243.0	56506.0	73004.0	93659.0	120469.0	161634.0	230698.0	374584.0	834881.0	4494626.0
	22.0	23.0	24.0	25.0	26.0	27.0	28.0	29.0	30.0	31.0	32.0	33.0	34.0	35.0	36.0
Sample_IPO3917_D1_R1_val_1	12.0	274.0	1428.0	4697.0	10843.0	20072.0	33321.0	50502.0	74236.0	108082.0	159204.0	242783.0	408443.0	902591.0	3070024.0
	21.0	22.0	23.0	24.0	25.0	26.0	27.0	28.0	29.0	30.0	31.0	32.0	33.0	34.0	35.0	36.0
Sample_IPO3917_D1_R2_val_2	16.0	784.0	4176.0	9282.0	15752.0	23105.0	32551.0	43252.0	56301.0	74011.0	98392.0	135354.0	200148.0	336774.0	749074.0	3307540.0
	22.0	23.0	24.0	25.0	26.0	27.0	28.0	29.0	30.0	31.0	32.0	33.0	34.0	35.0	36.0
Sample_IPO3917_D2_R1_val_1	13.0	257.0	1477.0	4627.0	10681.0	19935.0	32896.0	50799.0	74294.0	109160.0	162571.0	250857.0	415950.0	886019.0	3101443.0
	20.0	21.0	22.0	23.0	24.0	25.0	26.0	27.0	28.0	29.0	30.0	31.0	32.0	33.0	34.0	35.0	36.0
Sample_IPO3917_D2_R2_val_2	1.0	13.0	1100.0	5935.0	12493.0	20274.0	29084.0	38941.0	50553.0	64950.0	82958.0	109208.0	149041.0	218123.0	362839.0	781257.0	3194209.0
	22.0	23.0	24.0	25.0	26.0	27.0	28.0	29.0	30.0	31.0	32.0	33.0	34.0	35.0	36.0
Sample_IPO3917_D3_R1_val_1	9.0	190.0	1088.0	3478.0	7889.0	14515.0	23495.0	34791.0	50159.0	70914.0	100804.0	149696.0	251553.0	578218.0	2487706.0
	20.0	21.0	22.0	23.0	24.0	25.0	26.0	27.0	28.0	29.0	30.0	31.0	32.0	33.0	34.0	35.0	36.0
Sample_IPO3917_D3_R2_val_2	1.0	11.0	786.0	4319.0	9210.0	14826.0	21180.0	28457.0	36500.0	46063.0	58079.0	74963.0	99461.0	140517.0	228528.0	514617.0	2496987.0
	21.0	22.0	23.0	24.0	25.0	26.0	27.0	28.0	29.0	30.0	31.0	32.0	33.0	34.0	35.0	36.0
Sample_IPO3917_D4_R1_val_1	1.0	23.0	562.0	3090.0	9478.0	20955.0	38589.0	62753.0	94075.0	137061.0	197133.0	287675.0	445398.0	762390.0	1737920.0	5355818.0
	21.0	22.0	23.0	24.0	25.0	26.0	27.0	28.0	29.0	30.0	31.0	32.0	33.0	34.0	35.0	36.0
Sample_IPO3917_D4_R2_val_2	14.0	1342.0	7889.0	17529.0	28893.0	43417.0	58419.0	77586.0	99651.0	128751.0	169863.0	232991.0	340996.0	575461.0	1324187.0	6045932.0
	22.0	23.0	24.0	25.0	26.0	27.0	28.0	29.0	30.0	31.0	32.0	33.0	34.0	35.0	36.0
Sample_IPO3917_D5_R1_val_1	86.0	1327.0	7293.0	22338.0	50104.0	92824.0	152974.0	232628.0	339329.0	487881.0	715160.0	1103860.0	1876286.0	4185359.0	19309873.0
	19.0	20.0	21.0	22.0	23.0	24.0	25.0	26.0	27.0	28.0	29.0	30.0	31.0	32.0	33.0	34.0	35.0	36.0
Sample_IPO3917_D5_R2_val_2	3.0	12.0	144.0	4110.0	21458.0	46593.0	78862.0	116333.0	160069.0	212574.0	275675.0	357952.0	472155.0	643716.0	935034.0	1539186.0	3396770.0	20316676.0
	22.0	23.0	24.0	25.0	26.0	27.0	28.0	29.0	30.0	31.0	32.0	33.0	34.0	35.0	36.0
Sample_IPO3917_D6_R1_val_1	18.0	264.0	1388.0	4588.0	10287.0	19713.0	33345.0	51739.0	76875.0	113015.0	169498.0	262911.0	446136.0	980215.0	3135427.0
	21.0	22.0	23.0	24.0	25.0	26.0	27.0	28.0	29.0	30.0	31.0	32.0	33.0	34.0	35.0	36.0
Sample_IPO3917_D6_R2_val_2	15.0	1270.0	6620.0	14227.0	22999.0	33143.0	44468.0	57273.0	73538.0	93782.0	122595.0	167232.0	244537.0	406546.0	861558.0	3155616.0
	21.0	22.0	23.0	24.0	25.0	26.0	27.0	28.0	29.0	30.0	31.0	32.0	33.0	34.0	35.0	36.0
Sample_IPO3917_D7_R1_val_1	1.0	17.0	379.0	2331.0	7477.0	17331.0	32424.0	53587.0	82468.0	122110.0	179186.0	269920.0	418368.0	684415.0	1402373.0	4853386.0
	20.0	21.0	22.0	23.0	24.0	25.0	26.0	27.0	28.0	29.0	30.0	31.0	32.0	33.0	34.0	35.0	36.0
Sample_IPO3917_D7_R2_val_2	1.0	11.0	1171.0	6376.0	14398.0	24112.0	34899.0	48386.0	64593.0	84662.0	111246.0	148981.0	208674.0	310651.0	524144.0	1137739.0	5405729.0
	22.0	23.0	24.0	25.0	26.0	27.0	28.0	29.0	30.0	31.0	32.0	33.0	34.0	35.0	36.0
Sample_IPO3917_D8_R1_val_1	6.0	147.0	831.0	2592.0	5637.0	10612.0	17101.0	26258.0	38532.0	55670.0	81524.0	124175.0	207430.0	456215.0	1393241.0
	21.0	22.0	23.0	24.0	25.0	26.0	27.0	28.0	29.0	30.0	31.0	32.0	33.0	34.0	35.0	36.0
Sample_IPO3917_D8_R2_val_2	2.0	320.0	1812.0	3843.0	6669.0	10112.0	13804.0	18683.0	24469.0	31773.0	42305.0	58116.0	85700.0	142143.0	321195.0	1659025.0
	22.0	23.0	24.0	25.0	26.0	27.0	28.0	29.0	30.0	31.0	32.0	33.0	34.0	35.0	36.0
Sample_IPO3917_D9_R1_val_1	21.0	497.0	2957.0	8995.0	20351.0	37358.0	61715.0	92499.0	133789.0	191800.0	278494.0	420276.0	712069.0	1609551.0	5905416.0
	21.0	22.0	23.0	24.0	25.0	26.0	27.0	28.0	29.0	30.0	31.0	32.0	33.0	34.0	35.0	36.0
Sample_IPO3917_D9_R2_val_2	10.0	1368.0	7394.0	16543.0	27543.0	40770.0	55822.0	73919.0	95759.0	123728.0	162645.0	222587.0	321716.0	531117.0	1188519.0	6606348.0
	22.0	23.0	24.0	25.0	26.0	27.0	28.0	29.0	30.0	31.0	32.0	33.0	34.0	35.0	36.0
Sample_IPO3917_E10_R1_val_1	19.0	415.0	2326.0	7630.0	17603.0	32673.0	54443.0	83927.0	122970.0	179087.0	266243.0	408775.0	681774.0	1482950.0	4948939.0
	21.0	22.0	23.0	24.0	25.0	26.0	27.0	28.0	29.0	30.0	31.0	32.0	33.0	34.0	35.0	36.0
Sample_IPO3917_E10_R2_val_2	17.0	1496.0	7935.0	16903.0	28441.0	41379.0	56182.0	74067.0	95421.0	123589.0	162807.0	223126.0	327010.0	545433.0	1198077.0	5387891.0
	22.0	23.0	24.0	25.0	26.0	27.0	28.0	29.0	30.0	31.0	32.0	33.0	34.0	35.0	36.0
Sample_IPO3917_E11_R1_val_1	16.0	425.0	2407.0	7849.0	17864.0	33145.0	55097.0	84076.0	122729.0	175072.0	252934.0	381722.0	639125.0	1419655.0	4565991.0
	19.0	20.0	21.0	22.0	23.0	24.0	25.0	26.0	27.0	28.0	29.0	30.0	31.0	32.0	33.0	34.0	35.0	36.0
Sample_IPO3917_E11_R2_val_2	1.0	1.0	14.0	1250.0	6780.0	15035.0	25617.0	38292.0	52871.0	70541.0	91338.0	118763.0	156932.0	214696.0	309312.0	506528.0	1113772.0	5036364.0
	22.0	23.0	24.0	25.0	26.0	27.0	28.0	29.0	30.0	31.0	32.0	33.0	34.0	35.0	36.0
Sample_IPO3917_E12_R1_val_1	20.0	400.0	2149.0	6878.0	15638.0	29123.0	46594.0	70306.0	102118.0	145901.0	211108.0	319481.0	544071.0	1237289.0	4524136.0
	20.0	21.0	22.0	23.0	24.0	25.0	26.0	27.0	28.0	29.0	30.0	31.0	32.0	33.0	34.0	35.0	36.0
Sample_IPO3917_E12_R2_val_2	1.0	12.0	1013.0	5675.0	12560.0	21016.0	30693.0	42549.0	56068.0	72657.0	94114.0	123046.0	166967.0	243908.0	401422.0	913189.0	5070322.0
	22.0	23.0	24.0	25.0	26.0	27.0	28.0	29.0	30.0	31.0	32.0	33.0	34.0	35.0	36.0
Sample_IPO3917_E1_R1_val_1	13.0	220.0	1547.0	4763.0	11110.0	20866.0	34626.0	52664.0	76230.0	109320.0	157389.0	238516.0	399092.0	911320.0	3774708.0
	20.0	21.0	22.0	23.0	24.0	25.0	26.0	27.0	28.0	29.0	30.0	31.0	32.0	33.0	34.0	35.0	36.0
Sample_IPO3917_E1_R2_val_2	2.0	9.0	1296.0	7069.0	14995.0	24087.0	34253.0	45611.0	58486.0	73739.0	92092.0	118203.0	157664.0	225399.0	366118.0	806929.0	3766432.0
	21.0	22.0	23.0	24.0	25.0	26.0	27.0	28.0	29.0	30.0	31.0	32.0	33.0	34.0	35.0	36.0
Sample_IPO3917_E2_R1_val_1	1.0	18.0	280.0	1822.0	5307.0	12057.0	22354.0	36256.0	54611.0	79379.0	112675.0	162767.0	247016.0	413175.0	930352.0	3462737.0
	20.0	21.0	22.0	23.0	24.0	25.0	26.0	27.0	28.0	29.0	30.0	31.0	32.0	33.0	34.0	35.0	36.0
Sample_IPO3917_E2_R2_val_2	3.0	20.0	1145.0	5850.0	12285.0	20170.0	29187.0	39616.0	51526.0	66017.0	83793.0	109187.0	147419.0	212718.0	348239.0	772925.0	3640707.0
	21.0	22.0	23.0	24.0	25.0	26.0	27.0	28.0	29.0	30.0	31.0	32.0	33.0	34.0	35.0	36.0
Sample_IPO3917_E3_R1_val_1	1.0	14.0	376.0	2254.0	7070.0	15747.0	29000.0	47565.0	72577.0	105503.0	154365.0	229974.0	357341.0	590282.0	1225950.0	4273061.0
	21.0	22.0	23.0	24.0	25.0	26.0	27.0	28.0	29.0	30.0	31.0	32.0	33.0	34.0	35.0	36.0
Sample_IPO3917_E3_R2_val_2	17.0	1070.0	5854.0	12422.0	21097.0	30999.0	42124.0	55965.0	72980.0	96310.0	128155.0	178201.0	267102.0	451142.0	987975.0	4759667.0
	21.0	22.0	23.0	24.0	25.0	26.0	27.0	28.0	29.0	30.0	31.0	32.0	33.0	34.0	35.0	36.0
Sample_IPO3917_E4_R1_val_1	1.0	10.0	440.0	2836.0	8853.0	20255.0	38016.0	63365.0	97194.0	143654.0	209453.0	309374.0	473807.0	791048.0	1702776.0	4999142.0
	21.0	22.0	23.0	24.0	25.0	26.0	27.0	28.0	29.0	30.0	31.0	32.0	33.0	34.0	35.0	36.0
Sample_IPO3917_E4_R2_val_2	16.0	1365.0	7597.0	17348.0	28910.0	43310.0	59793.0	80651.0	105707.0	139498.0	185854.0	260042.0	384869.0	649130.0	1428070.0	5468064.0
	21.0	22.0	23.0	24.0	25.0	26.0	27.0	28.0	29.0	30.0	31.0	32.0	33.0	34.0	35.0	36.0
Sample_IPO3917_E5_R1_val_1	1.0	21.0	360.0	2323.0	7424.0	17099.0	33066.0	55670.0	86864.0	129020.0	189204.0	284085.0	439871.0	730133.0	1536783.0	4647248.0
	21.0	22.0	23.0	24.0	25.0	26.0	27.0	28.0	29.0	30.0	31.0	32.0	33.0	34.0	35.0	36.0
Sample_IPO3917_E5_R2_val_2	15.0	1538.0	8419.0	18312.0	30339.0	44185.0	59975.0	78810.0	103119.0	132950.0	176478.0	243468.0	359330.0	604947.0	1310688.0	4986599.0
	22.0	23.0	24.0	25.0	26.0	27.0	28.0	29.0	30.0	31.0	32.0	33.0	34.0	35.0	36.0
Sample_IPO3917_E6_R1_val_1	19.0	421.0	2548.0	8030.0	18786.0	35741.0	59406.0	91408.0	134335.0	194773.0	289591.0	448088.0	746769.0	1561936.0	6107401.0
	20.0	21.0	22.0	23.0	24.0	25.0	26.0	27.0	28.0	29.0	30.0	31.0	32.0	33.0	34.0	35.0	36.0
Sample_IPO3917_E6_R2_val_2	1.0	17.0	1916.0	10517.0	23207.0	37594.0	53770.0	72053.0	93055.0	118750.0	152270.0	200085.0	271881.0	399561.0	660561.0	1414436.0	6189578.0
	22.0	23.0	24.0	25.0	26.0	27.0	28.0	29.0	30.0	31.0	32.0	33.0	34.0	35.0	36.0
Sample_IPO3917_E7_R1_val_1	24.0	541.0	3064.0	9915.0	22467.0	42554.0	70730.0	109448.0	161021.0	237112.0	353955.0	550465.0	908890.0	1877559.0	6190662.0
	20.0	21.0	22.0	23.0	24.0	25.0	26.0	27.0	28.0	29.0	30.0	31.0	32.0	33.0	34.0	35.0	36.0
Sample_IPO3917_E7_R2_val_2	1.0	18.0	1624.0	8959.0	19705.0	33023.0	48028.0	65906.0	88023.0	114298.0	149400.0	199974.0	278417.0	412102.0	691792.0	1500406.0	6926731.0
	21.0	22.0	23.0	24.0	25.0	26.0	27.0	28.0	29.0	30.0	31.0	32.0	33.0	34.0	35.0	36.0
Sample_IPO3917_E8_R1_val_1	1.0	16.0	327.0	2078.0	6555.0	15075.0	28384.0	46879.0	71414.0	103255.0	148953.0	215191.0	324460.0	540398.0	1197929.0	4102839.0
	21.0	22.0	23.0	24.0	25.0	26.0	27.0	28.0	29.0	30.0	31.0	32.0	33.0	34.0	35.0	36.0
Sample_IPO3917_E8_R2_val_2	17.0	1280.0	6715.0	14778.0	24294.0	35072.0	47615.0	62954.0	80527.0	103154.0	134709.0	181919.0	261863.0	426993.0	938716.0	4483148.0
	21.0	22.0	23.0	24.0	25.0	26.0	27.0	28.0	29.0	30.0	31.0	32.0	33.0	34.0	35.0	36.0
Sample_IPO3917_E9_R1_val_1	1.0	18.0	370.0	2260.0	7351.0	16906.0	32304.0	53500.0	81930.0	118542.0	169305.0	241206.0	358953.0	592273.0	1323216.0	5347352.0
	20.0	21.0	22.0	23.0	24.0	25.0	26.0	27.0	28.0	29.0	30.0	31.0	32.0	33.0	34.0	35.0	36.0
Sample_IPO3917_E9_R2_val_2	1.0	23.0	1825.0	9212.0	19648.0	31893.0	46389.0	61910.0	81568.0	102728.0	131702.0	169963.0	226467.0	320815.0	513734.0	1110963.0	5516646.0
	22.0	23.0	24.0	25.0	26.0	27.0	28.0	29.0	30.0	31.0	32.0	33.0	34.0	35.0	36.0
Sample_IPO3917_F10_R1_val_1	3.0	104.0	585.0	1902.0	4436.0	8351.0	14199.0	22101.0	32349.0	47706.0	71342.0	109187.0	180258.0	384662.0	1509485.0
	21.0	22.0	23.0	24.0	25.0	26.0	27.0	28.0	29.0	30.0	31.0	32.0	33.0	34.0	35.0	36.0
Sample_IPO3917_F10_R2_val_2	4.0	519.0	2835.0	5945.0	9730.0	13489.0	18379.0	23686.0	29917.0	38294.0	49796.0	66757.0	97253.0	158531.0	337640.0	1533895.0
	22.0	23.0	24.0	25.0	26.0	27.0	28.0	29.0	30.0	31.0	32.0	33.0	34.0	35.0	36.0
Sample_IPO3917_F11_R1_val_1	12.0	358.0	2050.0	6608.0	14927.0	27642.0	45419.0	68658.0	101073.0	143183.0	206656.0	310295.0	518829.0	1158651.0	4118796.0
	21.0	22.0	23.0	24.0	25.0	26.0	27.0	28.0	29.0	30.0	31.0	32.0	33.0	34.0	35.0	36.0
Sample_IPO3917_F11_R2_val_2	11.0	1314.0	7111.0	15181.0	25610.0	36730.0	50186.0	65209.0	83499.0	107238.0	138969.0	187836.0	269625.0	438395.0	962720.0	4333523.0
	22.0	23.0	24.0	25.0	26.0	27.0	28.0	29.0	30.0	31.0	32.0	33.0	34.0	35.0	36.0
Sample_IPO3917_F12_R1_val_1	14.0	412.0	2409.0	7716.0	17547.0	32654.0	53615.0	80621.0	116602.0	165619.0	239339.0	362111.0	612261.0	1401159.0	5424644.0
	21.0	22.0	23.0	24.0	25.0	26.0	27.0	28.0	29.0	30.0	31.0	32.0	33.0	34.0	35.0	36.0
Sample_IPO3917_F12_R2_val_2	9.0	1494.0	7967.0	17450.0	28646.0	41246.0	56004.0	73309.0	93192.0	119563.0	155338.0	209278.0	300754.0	492748.0	1096418.0	5823307.0
	22.0	23.0	24.0	25.0	26.0	27.0	28.0	29.0	30.0	31.0	32.0	33.0	34.0	35.0	36.0
Sample_IPO3917_F1_R1_val_1	16.0	204.0	1101.0	3544.0	7874.0	14509.0	24652.0	37291.0	56672.0	83218.0	126119.0	198782.0	327377.0	663594.0	2100071.0
	20.0	21.0	22.0	23.0	24.0	25.0	26.0	27.0	28.0	29.0	30.0	31.0	32.0	33.0	34.0	35.0	36.0
Sample_IPO3917_F1_R2_val_2	1.0	3.0	478.0	2676.0	6172.0	10226.0	14846.0	20907.0	28184.0	37387.0	49817.0	66562.0	94758.0	142029.0	244138.0	535185.0	2391655.0
	22.0	23.0	24.0	25.0	26.0	27.0	28.0	29.0	30.0	31.0	32.0	33.0	34.0	35.0	36.0
Sample_IPO3917_F2_R1_val_1	19.0	340.0	2004.0	6175.0	13950.0	25414.0	41433.0	62684.0	90956.0	129547.0	186860.0	281869.0	483655.0	1135791.0	4252917.0
	19.0	20.0	21.0	22.0	23.0	24.0	25.0	26.0	27.0	28.0	29.0	30.0	31.0	32.0	33.0	34.0	35.0	36.0
Sample_IPO3917_F2_R2_val_2	1.0	0.0	12.0	1311.0	7256.0	15831.0	25563.0	36637.0	48939.0	62827.0	80085.0	101926.0	132414.0	176886.0	255993.0	422151.0	964259.0	4381523.0
	22.0	23.0	24.0	25.0	26.0	27.0	28.0	29.0	30.0	31.0	32.0	33.0	34.0	35.0	36.0
Sample_IPO3917_F3_R1_val_1	10.0	196.0	1003.0	3206.0	7283.0	13607.0	22398.0	34000.0	50534.0	73730.0	108287.0	167271.0	279264.0	584723.0	2157002.0
	21.0	22.0	23.0	24.0	25.0	26.0	27.0	28.0	29.0	30.0	31.0	32.0	33.0	34.0	35.0	36.0
Sample_IPO3917_F3_R2_val_2	11.0	693.0	3587.0	7510.0	12491.0	17626.0	24069.0	31108.0	40345.0	51650.0	67897.0	93515.0	137000.0	228086.0	485819.0	2301107.0
	22.0	23.0	24.0	25.0	26.0	27.0	28.0	29.0	30.0	31.0	32.0	33.0	34.0	35.0	36.0
Sample_IPO3917_F4_R1_val_1	11.0	360.0	2062.0	6697.0	15336.0	28953.0	47952.0	73910.0	108542.0	158421.0	231531.0	352057.0	591039.0	1300879.0	3849026.0
	20.0	21.0	22.0	23.0	24.0	25.0	26.0	27.0	28.0	29.0	30.0	31.0	32.0	33.0	34.0	35.0	36.0
Sample_IPO3917_F4_R2_val_2	1.0	14.0	912.0	5089.0	11633.0	19798.0	29978.0	42140.0	56978.0	75623.0	100021.0	133582.0	185115.0	274571.0	461189.0	1028164.0	4341968.0
	22.0	23.0	24.0	25.0	26.0	27.0	28.0	29.0	30.0	31.0	32.0	33.0	34.0	35.0	36.0
Sample_IPO3917_F5_R1_val_1	17.0	444.0	2542.0	8066.0	18582.0	34423.0	57430.0	88429.0	129685.0	187926.0	279862.0	432127.0	723617.0	1546479.0	5428398.0
	20.0	21.0	22.0	23.0	24.0	25.0	26.0	27.0	28.0	29.0	30.0	31.0	32.0	33.0	34.0	35.0	36.0
Sample_IPO3917_F5_R2_val_2	1.0	16.0	1433.0	7748.0	17354.0	28912.0	42542.0	58311.0	77304.0	101113.0	130767.0	173544.0	237946.0	352964.0	594940.0	1321812.0	5791320.0
	22.0	23.0	24.0	25.0	26.0	27.0	28.0	29.0	30.0	31.0	32.0	33.0	34.0	35.0	36.0
Sample_IPO3917_F6_R1_val_1	19.0	280.0	1731.0	5196.0	12179.0	23125.0	38119.0	58919.0	86756.0	125284.0	184936.0	281765.0	469816.0	1001307.0	3906467.0
	21.0	22.0	23.0	24.0	25.0	26.0	27.0	28.0	29.0	30.0	31.0	32.0	33.0	34.0	35.0	36.0
Sample_IPO3917_F6_R2_val_2	19.0	1195.0	6549.0	14034.0	23261.0	33422.0	44912.0	57868.0	74459.0	95060.0	123979.0	168147.0	245986.0	406165.0	876328.0	4024515.0
	22.0	23.0	24.0	25.0	26.0	27.0	28.0	29.0	30.0	31.0	32.0	33.0	34.0	35.0	36.0
Sample_IPO3917_F7_R1_val_1	12.0	286.0	1655.0	5122.0	11474.0	21561.0	35455.0	54563.0	81139.0	117640.0	175356.0	270266.0	447023.0	958550.0	2951126.0
	20.0	21.0	22.0	23.0	24.0	25.0	26.0	27.0	28.0	29.0	30.0	31.0	32.0	33.0	34.0	35.0	36.0
Sample_IPO3917_F7_R2_val_2	1.0	9.0	744.0	4190.0	9149.0	15417.0	22747.0	31198.0	42033.0	55138.0	72228.0	96487.0	133838.0	196699.0	334326.0	736124.0	3380900.0
	22.0	23.0	24.0	25.0	26.0	27.0	28.0	29.0	30.0	31.0	32.0	33.0	34.0	35.0	36.0
Sample_IPO3917_F8_R1_val_1	20.0	348.0	2080.0	6792.0	16009.0	30166.0	50274.0	78436.0	114655.0	165139.0	239090.0	361545.0	607148.0	1363553.0	5048182.0
	21.0	22.0	23.0	24.0	25.0	26.0	27.0	28.0	29.0	30.0	31.0	32.0	33.0	34.0	35.0	36.0
Sample_IPO3917_F8_R2_val_2	26.0	1977.0	10616.0	22809.0	36111.0	50819.0	68065.0	86621.0	109200.0	137406.0	177044.0	235963.0	337067.0	544247.0	1175782.0	5089684.0
	22.0	23.0	24.0	25.0	26.0	27.0	28.0	29.0	30.0	31.0	32.0	33.0	34.0	35.0	36.0
Sample_IPO3917_F9_R1_val_1	10.0	390.0	2287.0	7292.0	16785.0	31035.0	51328.0	77727.0	113222.0	161142.0	232618.0	348269.0	580114.0	1275930.0	4354543.0
	21.0	22.0	23.0	24.0	25.0	26.0	27.0	28.0	29.0	30.0	31.0	32.0	33.0	34.0	35.0	36.0
Sample_IPO3917_F9_R2_val_2	10.0	986.0	5492.0	12567.0	21088.0	32091.0	43920.0	58952.0	77132.0	100096.0	131238.0	179639.0	259745.0	423805.0	937745.0	4968186.0
	21.0	22.0	23.0	24.0	25.0	26.0	27.0	28.0	29.0	30.0	31.0	32.0	33.0	34.0	35.0	36.0
Sample_IPO3917_G10_R1_val_1	1.0	83.0	1389.0	7639.0	23871.0	53318.0	99102.0	161549.0	244509.0	352123.0	500375.0	717210.0	1078650.0	1822751.0	4179804.0	16840896.0
	19.0	20.0	21.0	22.0	23.0	24.0	25.0	26.0	27.0	28.0	29.0	30.0	31.0	32.0	33.0	34.0	35.0	36.0
Sample_IPO3917_G10_R2_val_2	2.0	5.0	81.0	3367.0	17457.0	39426.0	66671.0	100734.0	141553.0	188308.0	247530.0	322294.0	423402.0	573027.0	824762.0	1347382.0	2989159.0	18798110.0
	22.0	23.0	24.0	25.0	26.0	27.0	28.0	29.0	30.0	31.0	32.0	33.0	34.0	35.0	36.0
Sample_IPO3917_G11_R1_val_1	30.0	592.0	3382.0	10311.0	23116.0	43085.0	70637.0	108126.0	159023.0	228699.0	332446.0	502066.0	839210.0	1850947.0	5807554.0
	21.0	22.0	23.0	24.0	25.0	26.0	27.0	28.0	29.0	30.0	31.0	32.0	33.0	34.0	35.0	36.0
Sample_IPO3917_G11_R2_val_2	16.0	1418.0	7838.0	17329.0	29527.0	43786.0	61604.0	82069.0	107294.0	140937.0	187467.0	258191.0	380955.0	629768.0	1386670.0	6644355.0
	22.0	23.0	24.0	25.0	26.0	27.0	28.0	29.0	30.0	31.0	32.0	33.0	34.0	35.0	36.0
Sample_IPO3917_G12_R1_val_1	15.0	385.0	2333.0	7434.0	17344.0	31874.0	53109.0	80105.0	116210.0	166694.0	239988.0	362412.0	609202.0	1374181.0	5614742.0
	20.0	21.0	22.0	23.0	24.0	25.0	26.0	27.0	28.0	29.0	30.0	31.0	32.0	33.0	34.0	35.0	36.0
Sample_IPO3917_G12_R2_val_2	2.0	19.0	1483.0	8698.0	18536.0	30404.0	43928.0	59673.0	76815.0	98726.0	125713.0	163042.0	219583.0	315606.0	512726.0	1128074.0	5873000.0
	22.0	23.0	24.0	25.0	26.0	27.0	28.0	29.0	30.0	31.0	32.0	33.0	34.0	35.0	36.0
Sample_IPO3917_G1_R1_val_1	8.0	285.0	1795.0	5566.0	12447.0	23770.0	39016.0	59796.0	87984.0	126422.0	184717.0	281829.0	471982.0	1017006.0	3933020.0
	20.0	21.0	22.0	23.0	24.0	25.0	26.0	27.0	28.0	29.0	30.0	31.0	32.0	33.0	34.0	35.0	36.0
Sample_IPO3917_G1_R2_val_2	1.0	22.0	1211.0	6681.0	14337.0	23557.0	33329.0	45254.0	58817.0	74659.0	95457.0	124017.0	167803.0	245392.0	401612.0	864997.0	4088497.0
	22.0	23.0	24.0	25.0	26.0	27.0	28.0	29.0	30.0	31.0	32.0	33.0	34.0	35.0	36.0
Sample_IPO3917_G2_R1_val_1	13.0	401.0	2210.0	6678.0	15174.0	27905.0	45989.0	70614.0	102922.0	151054.0	225814.0	351500.0	574242.0	1175044.0	4105135.0
	20.0	21.0	22.0	23.0	24.0	25.0	26.0	27.0	28.0	29.0	30.0	31.0	32.0	33.0	34.0	35.0	36.0
Sample_IPO3917_G2_R2_val_2	1.0	11.0	994.0	5116.0	11736.0	18962.0	28071.0	38659.0	52184.0	67575.0	88674.0	119265.0	166457.0	249891.0	424533.0	922647.0	4659919.0
	22.0	23.0	24.0	25.0	26.0	27.0	28.0	29.0	30.0	31.0	32.0	33.0	34.0	35.0	36.0
Sample_IPO3917_G3_R1_val_1	18.0	351.0	1907.0	6111.0	14012.0	25841.0	42968.0	65515.0	95130.0	136972.0	200287.0	305427.0	507015.0	1095148.0	4359441.0
	20.0	21.0	22.0	23.0	24.0	25.0	26.0	27.0	28.0	29.0	30.0	31.0	32.0	33.0	34.0	35.0	36.0
Sample_IPO3917_G3_R2_val_2	2.0	13.0	1340.0	6904.0	14908.0	24758.0	35422.0	48184.0	62614.0	79861.0	102411.0	133527.0	181053.0	262434.0	432437.0	938321.0	4531954.0
	22.0	23.0	24.0	25.0	26.0	27.0	28.0	29.0	30.0	31.0	32.0	33.0	34.0	35.0	36.0
Sample_IPO3917_G4_R1_val_1	27.0	440.0	2402.0	7648.0	17480.0	32590.0	53943.0	83412.0	120980.0	174972.0	255080.0	391091.0	676842.0	1604657.0	6165699.0
	21.0	22.0	23.0	24.0	25.0	26.0	27.0	28.0	29.0	30.0	31.0	32.0	33.0	34.0	35.0	36.0
Sample_IPO3917_G4_R2_val_2	19.0	2827.0	16591.0	34597.0	53772.0	74123.0	94986.0	118838.0	146231.0	181260.0	229475.0	302322.0	430102.0	711384.0	1591350.0	5599386.0
	21.0	22.0	23.0	24.0	25.0	26.0	27.0	28.0	29.0	30.0	31.0	32.0	33.0	34.0	35.0	36.0
Sample_IPO3917_G5_R1_val_1	6.0	244.0	4256.0	22365.0	68313.0	152176.0	279664.0	452751.0	680661.0	977763.0	1380119.0	1973165.0	2956143.0	4951722.0	11425595.0	52121430.0
	18.0	19.0	20.0	21.0	22.0	23.0	24.0	25.0	26.0	27.0	28.0	29.0	30.0	31.0	32.0	33.0	34.0	35.0	36.0
Sample_IPO3917_G5_R2_val_2	1.0	4.0	27.0	297.0	7032.0	36630.0	84066.0	147736.0	228498.0	330133.0	453846.0	609715.0	810396.0	1087646.0	1493558.0	2169394.0	3557907.0	7954160.0	58475327.0
	22.0	23.0	24.0	25.0	26.0	27.0	28.0	29.0	30.0	31.0	32.0	33.0	34.0	35.0	36.0
Sample_IPO3917_G6_R1_val_1	9.0	248.0	1466.0	4599.0	10341.0	20212.0	33609.0	51756.0	75403.0	109268.0	160300.0	244957.0	408177.0	878651.0	3553235.0
	20.0	21.0	22.0	23.0	24.0	25.0	26.0	27.0	28.0	29.0	30.0	31.0	32.0	33.0	34.0	35.0	36.0
Sample_IPO3917_G6_R2_val_2	2.0	12.0	1219.0	6471.0	14115.0	22443.0	32175.0	42965.0	55534.0	71449.0	90181.0	117861.0	158852.0	230868.0	380535.0	821459.0	3506090.0
	22.0	23.0	24.0	25.0	26.0	27.0	28.0	29.0	30.0	31.0	32.0	33.0	34.0	35.0	36.0
Sample_IPO3917_G7_R1_val_1	27.0	601.0	3398.0	10877.0	24617.0	46312.0	77379.0	119411.0	178528.0	265557.0	403972.0	632100.0	1032192.0	2139357.0	6160580.0
	21.0	22.0	23.0	24.0	25.0	26.0	27.0	28.0	29.0	30.0	31.0	32.0	33.0	34.0	35.0	36.0
Sample_IPO3917_G7_R2_val_2	20.0	1573.0	8561.0	19534.0	32311.0	48290.0	66247.0	88683.0	117527.0	155326.0	208372.0	294466.0	446510.0	765559.0	1684928.0	7157001.0
	22.0	23.0	24.0	25.0	26.0	27.0	28.0	29.0	30.0	31.0	32.0	33.0	34.0	35.0	36.0
Sample_IPO3917_G8_R1_val_1	14.0	412.0	2434.0	8068.0	18426.0	36486.0	61960.0	96514.0	144098.0	208927.0	303002.0	459408.0	770127.0	1749601.0	9205502.0
	19.0	20.0	21.0	22.0	23.0	24.0	25.0	26.0	27.0	28.0	29.0	30.0	31.0	32.0	33.0	34.0	35.0	36.0
Sample_IPO3917_G8_R2_val_2	1.0	2.0	33.0	4391.0	22885.0	46317.0	71140.0	97461.0	124164.0	153441.0	187537.0	231115.0	289922.0	378531.0	529320.0	841587.0	1804108.0	8283024.0
	22.0	23.0	24.0	25.0	26.0	27.0	28.0	29.0	30.0	31.0	32.0	33.0	34.0	35.0	36.0
Sample_IPO3917_G9_R1_val_1	21.0	549.0	3033.0	9664.0	22175.0	41060.0	67183.0	102252.0	149341.0	216369.0	314952.0	475176.0	790714.0	1737591.0	5749060.0
	21.0	22.0	23.0	24.0	25.0	26.0	27.0	28.0	29.0	30.0	31.0	32.0	33.0	34.0	35.0	36.0
Sample_IPO3917_G9_R2_val_2	12.0	1546.0	7577.0	17176.0	28964.0	42961.0	58800.0	78764.0	102605.0	133629.0	176483.0	242419.0	352721.0	580705.0	1284219.0	6570559.0
	22.0	23.0	24.0	25.0	26.0	27.0	28.0	29.0	30.0	31.0	32.0	33.0	34.0	35.0	36.0
Sample_IPO3917_H10_R1_val_1	18.0	373.0	2048.0	6742.0	14979.0	28157.0	46858.0	71365.0	104407.0	151229.0	224521.0	346817.0	594932.0	1365309.0	4586129.0
	21.0	22.0	23.0	24.0	25.0	26.0	27.0	28.0	29.0	30.0	31.0	32.0	33.0	34.0	35.0	36.0
Sample_IPO3917_H10_R2_val_2	8.0	1156.0	6552.0	14607.0	24058.0	34776.0	47318.0	62205.0	79546.0	103158.0	133583.0	180862.0	263410.0	439562.0	991441.0	5161642.0
	22.0	23.0	24.0	25.0	26.0	27.0	28.0	29.0	30.0	31.0	32.0	33.0	34.0	35.0	36.0
Sample_IPO3917_H11_R1_val_1	19.0	399.0	2390.0	7622.0	17266.0	32120.0	52728.0	79951.0	115824.0	163499.0	235110.0	356294.0	608031.0	1395029.0	5561875.0
	21.0	22.0	23.0	24.0	25.0	26.0	27.0	28.0	29.0	30.0	31.0	32.0	33.0	34.0	35.0	36.0
Sample_IPO3917_H11_R2_val_2	14.0	1705.0	8909.0	19208.0	31346.0	45598.0	60227.0	78437.0	98990.0	124871.0	160526.0	213543.0	303515.0	495710.0	1111241.0	5874317.0
	21.0	22.0	23.0	24.0	25.0	26.0	27.0	28.0	29.0	30.0	31.0	32.0	33.0	34.0	35.0	36.0
Sample_IPO3917_H12_R1_val_1	6.0	230.0	3597.0	18765.0	56339.0	124216.0	228151.0	371229.0	558576.0	813132.0	1169186.0	1716957.0	2651285.0	4412336.0	9579249.0	39194173.0
	19.0	20.0	21.0	22.0	23.0	24.0	25.0	26.0	27.0	28.0	29.0	30.0	31.0	32.0	33.0	34.0	35.0	36.0
Sample_IPO3917_H12_R2_val_2	2.0	35.0	285.0	4854.0	24313.0	56409.0	100638.0	156335.0	230147.0	322410.0	442270.0	598297.0	822288.0	1158688.0	1734614.0	2918600.0	6490982.0	45836260.0
	22.0	23.0	24.0	25.0	26.0	27.0	28.0	29.0	30.0	31.0	32.0	33.0	34.0	35.0	36.0
Sample_IPO3917_H1_R1_val_1	11.0	268.0	1491.0	4630.0	10519.0	19626.0	32700.0	49995.0	73693.0	107186.0	156873.0	236277.0	387734.0	852950.0	3296253.0
	19.0	20.0	21.0	22.0	23.0	24.0	25.0	26.0	27.0	28.0	29.0	30.0	31.0	32.0	33.0	34.0	35.0	36.0
Sample_IPO3917_H1_R2_val_2	1.0	0.0	10.0	1088.0	5690.0	12427.0	20136.0	29048.0	38971.0	50451.0	64274.0	82650.0	108448.0	146166.0	209737.0	337748.0	718064.0	3405297.0
	22.0	23.0	24.0	25.0	26.0	27.0	28.0	29.0	30.0	31.0	32.0	33.0	34.0	35.0	36.0
Sample_IPO3917_H2_R1_val_1	17.0	249.0	1442.0	4773.0	10942.0	20197.0	33262.0	51085.0	74767.0	106883.0	154407.0	232589.0	389772.0	874187.0	3576535.0
	21.0	22.0	23.0	24.0	25.0	26.0	27.0	28.0	29.0	30.0	31.0	32.0	33.0	34.0	35.0	36.0
Sample_IPO3917_H2_R2_val_2	12.0	1262.0	6653.0	14349.0	23162.0	32664.0	43337.0	55534.0	69630.0	88861.0	114172.0	151952.0	218244.0	353834.0	768457.0	3588984.0
	22.0	23.0	24.0	25.0	26.0	27.0	28.0	29.0	30.0	31.0	32.0	33.0	34.0	35.0	36.0
Sample_IPO3917_H3_R1_val_1	21.0	287.0	1601.0	4818.0	10768.0	20329.0	32842.0	50031.0	73185.0	104938.0	154396.0	236484.0	394914.0	847056.0	3113615.0
	20.0	21.0	22.0	23.0	24.0	25.0	26.0	27.0	28.0	29.0	30.0	31.0	32.0	33.0	34.0	35.0	36.0
Sample_IPO3917_H3_R2_val_2	2.0	16.0	944.0	4766.0	10209.0	16591.0	24311.0	32752.0	42710.0	55302.0	71366.0	93679.0	127106.0	186044.0	310579.0	674854.0	3394054.0
	21.0	22.0	23.0	24.0	25.0	26.0	27.0	28.0	29.0	30.0	31.0	32.0	33.0	34.0	35.0	36.0
Sample_IPO3917_H4_R1_val_1	5.0	122.0	1969.0	10460.0	31145.0	69506.0	127516.0	206367.0	310872.0	449674.0	638759.0	921360.0	1399914.0	2360508.0	5413494.0	24380457.0
	19.0	20.0	21.0	22.0	23.0	24.0	25.0	26.0	27.0	28.0	29.0	30.0	31.0	32.0	33.0	34.0	35.0	36.0
Sample_IPO3917_H4_R2_val_2	2.0	17.0	214.0	4681.0	23998.0	53212.0	89709.0	133838.0	186900.0	250720.0	328081.0	428049.0	564562.0	768524.0	1110223.0	1821207.0	4051413.0	26506778.0
	22.0	23.0	24.0	25.0	26.0	27.0	28.0	29.0	30.0	31.0	32.0	33.0	34.0	35.0	36.0
Sample_IPO3917_H5_R1_val_1	17.0	458.0	2760.0	8805.0	20281.0	38674.0	63689.0	98854.0	143543.0	206688.0	298573.0	448307.0	739545.0	1603211.0	6050561.0
	21.0	22.0	23.0	24.0	25.0	26.0	27.0	28.0	29.0	30.0	31.0	32.0	33.0	34.0	35.0	36.0
Sample_IPO3917_H5_R2_val_2	14.0	1936.0	11032.0	23573.0	38680.0	56045.0	76013.0	98192.0	125701.0	160179.0	208062.0	280006.0	403223.0	655214.0	1428914.0	6157182.0
	22.0	23.0	24.0	25.0	26.0	27.0	28.0	29.0	30.0	31.0	32.0	33.0	34.0	35.0	36.0
Sample_IPO3917_H6_R1_val_1	15.0	399.0	2114.0	6562.0	15436.0	28787.0	47978.0	73620.0	109655.0	159337.0	237351.0	367587.0	611646.0	1309084.0	4373316.0
	20.0	21.0	22.0	23.0	24.0	25.0	26.0	27.0	28.0	29.0	30.0	31.0	32.0	33.0	34.0	35.0	36.0
Sample_IPO3917_H6_R2_val_2	1.0	10.0	1201.0	6521.0	14487.0	24481.0	35248.0	49646.0	65477.0	85725.0	112329.0	148996.0	205653.0	304455.0	515417.0	1138193.0	4635047.0
	21.0	22.0	23.0	24.0	25.0	26.0	27.0	28.0	29.0	30.0	31.0	32.0	33.0	34.0	35.0	36.0
Sample_IPO3917_H7_R1_val_1	1.0	11.0	229.0	1328.0	4098.0	9244.0	17758.0	28809.0	45346.0	67771.0	102408.0	159850.0	250689.0	406841.0	817668.0	2325525.0
	21.0	22.0	23.0	24.0	25.0	26.0	27.0	28.0	29.0	30.0	31.0	32.0	33.0	34.0	35.0	36.0
Sample_IPO3917_H7_R2_val_2	3.0	513.0	2899.0	6509.0	11155.0	16550.0	23028.0	31400.0	41141.0	54784.0	74193.0	105459.0	162793.0	283698.0	637429.0	2786022.0
	22.0	23.0	24.0	25.0	26.0	27.0	28.0	29.0	30.0	31.0	32.0	33.0	34.0	35.0	36.0
Sample_IPO3917_H8_R1_val_1	26.0	592.0	3288.0	10447.0	23390.0	43641.0	71778.0	108829.0	157381.0	225239.0	327957.0	496626.0	839261.0	1902770.0	6165411.0
	21.0	22.0	23.0	24.0	25.0	26.0	27.0	28.0	29.0	30.0	31.0	32.0	33.0	34.0	35.0	36.0
Sample_IPO3917_H8_R2_val_2	12.0	1334.0	7606.0	17385.0	29104.0	43745.0	61178.0	82151.0	107462.0	140171.0	184167.0	252649.0	368657.0	615172.0	1405809.0	7060034.0
	22.0	23.0	24.0	25.0	26.0	27.0	28.0	29.0	30.0	31.0	32.0	33.0	34.0	35.0	36.0
Sample_IPO3917_H9_R1_val_1	10.0	170.0	1097.0	3648.0	8410.0	15680.0	26058.0	39866.0	57571.0	82683.0	118788.0	176833.0	293696.0	655579.0	2548114.0
	20.0	21.0	22.0	23.0	24.0	25.0	26.0	27.0	28.0	29.0	30.0	31.0	32.0	33.0	34.0	35.0	36.0
Sample_IPO3917_H9_R2_val_2	1.0	8.0	792.0	4422.0	9575.0	15456.0	22991.0	30684.0	39678.0	50280.0	63589.0	81780.0	109352.0	156071.0	250262.0	545122.0	2648140.0

