Sample	FastQC_mqc-generalstats-percent_duplicates	FastQC_mqc-generalstats-percent_fails	Cutadapt_mqc-generalstats-percent_trimmed	FastQC_mqc-generalstats-total_sequences	FastQC_mqc-generalstats-percent_gc	FastQC_mqc-generalstats-avg_sequence_length
Sample_IPO3916_A10_R1	67.66408099433139	25.0	2.9504791257253853	9593734.0	36.0	126.0
Sample_IPO3916_A10_R2	66.63370884368044	33.33333333333333	4.298914981945177	9593734.0	36.0	126.0
Sample_IPO3916_A11_R1	52.7287475209456	33.33333333333333	5.86944957583748	3971662.0	36.0	126.0
Sample_IPO3916_A11_R2	52.2560022519069	33.33333333333333	6.48956900239109	3971662.0	36.0	126.0
Sample_IPO3916_A12_R1	59.26251469916853	25.0	3.964294535079662	6297799.0	37.0	126.0
Sample_IPO3916_A12_R2	59.001078981339745	25.0	4.601758613390296	6297799.0	37.0	126.0
Sample_IPO3916_A1_R1	56.63375349479351	33.33333333333333	10.674972842352288	14477608.0	36.0	126.0
Sample_IPO3916_A1_R2	56.467621309599224	41.66666666666667	11.115225236760368	14477608.0	36.0	126.0
Sample_IPO3916_A2_R1	55.46404204895246	50.0	6.660953220173546	7231951.0	37.0	126.0
Sample_IPO3916_A2_R2	55.22724760531326	50.0	7.043570119357	7231951.0	37.0	126.0
Sample_IPO3916_A3_R1	52.60551861404798	25.0	8.461291315141821	3682127.0	38.0	126.0
Sample_IPO3916_A3_R2	52.472286206129056	41.66666666666667	8.832824114629984	3682127.0	38.0	126.0
Sample_IPO3916_A4_R1	81.0171477537088	33.33333333333333	3.4577423141115475	3916264.0	40.0	126.0
Sample_IPO3916_A4_R2	81.13132454898088	41.66666666666667	4.365867288029839	3916264.0	40.0	126.0
Sample_IPO3916_A5_R1	58.71159879954059	25.0	4.557818866631528	8165695.0	35.0	126.0
Sample_IPO3916_A5_R2	57.99756943602938	33.33333333333333	5.4270441525904785	8165695.0	35.0	126.0
Sample_IPO3916_A6_R1	60.07545629663556	25.0	7.635301644301571	7400726.0	39.0	126.0
Sample_IPO3916_A6_R2	59.57404752272318	41.66666666666667	8.440809168318875	7400726.0	40.0	126.0
Sample_IPO3916_A7_R1	56.80633964160734	50.0	6.802182035947306	8561045.0	37.0	126.0
Sample_IPO3916_A7_R2	56.32607307340531	58.333333333333336	7.384764916187773	8561045.0	37.0	126.0
Sample_IPO3916_A8_R1	51.06049281862885	25.0	5.238552206965583	8915546.0	38.0	126.0
Sample_IPO3916_A8_R2	50.31319138999378	33.33333333333333	6.15907600014911	8915546.0	38.0	126.0
Sample_IPO3916_A9_R1	53.04926113103406	25.0	5.186559066568701	11442652.0	38.0	126.0
Sample_IPO3916_A9_R2	52.87014707366451	25.0	5.835454039961177	11442652.0	38.0	126.0
Sample_IPO3916_B10_R1	45.54570768089491	25.0	6.250303566580939	11946596.0	37.0	126.0
Sample_IPO3916_B10_R2	45.356186171878946	33.33333333333333	6.921346080241217	11946596.0	37.0	126.0
Sample_IPO3916_B11_R1	55.71980825723017	25.0	4.922215152064665	8042523.0	36.0	126.0
Sample_IPO3916_B11_R2	55.347185703097594	25.0	5.537344418072518	8042523.0	36.0	126.0
Sample_IPO3916_B12_R1	51.83354227242782	25.0	5.0489918645810015	13154160.0	37.0	126.0
Sample_IPO3916_B12_R2	51.84105246241964	25.0	5.625723773689892	13154160.0	37.0	126.0
Sample_IPO3916_B1_R1	80.44359104917005	41.66666666666667	5.669477452279685	15607177.0	39.0	126.0
Sample_IPO3916_B1_R2	79.81439163688947	41.66666666666667	6.595584249070206	15607177.0	39.0	126.0
Sample_IPO3916_B2_R1	62.058184647874356	25.0	4.955377520493522	7673805.0	38.0	126.0
Sample_IPO3916_B2_R2	60.9617002202761	33.33333333333333	6.183580333685789	7673805.0	38.0	126.0
Sample_IPO3916_B3_R1	52.20017490491665	33.33333333333333	11.065185876079687	9458178.0	38.0	126.0
Sample_IPO3916_B3_R2	52.20856379358513	41.66666666666667	11.538631369073341	9458178.0	38.0	126.0
Sample_IPO3916_B4_R1	46.99504323176538	25.0	6.742677933044898	4279067.0	39.0	126.0
Sample_IPO3916_B4_R2	46.21484988503589	33.33333333333333	7.686762053800476	4279067.0	39.0	126.0
Sample_IPO3916_B5_R1	58.31923964928843	25.0	5.24065234997906	3944306.0	39.0	126.0
Sample_IPO3916_B5_R2	57.549094177982	33.33333333333333	6.135826425263908	3944306.0	39.0	126.0
Sample_IPO3916_B6_R1	45.07954522277071	33.33333333333333	7.248196807783779	3731361.0	37.0	126.0
Sample_IPO3916_B6_R2	44.70465324557633	41.66666666666667	7.734584295241385	3731361.0	37.0	126.0
Sample_IPO3916_B7_R1	51.604759018388386	50.0	6.680075792787203	6367838.0	37.0	126.0
Sample_IPO3916_B7_R2	51.49427167641126	58.333333333333336	6.9938000486641965	6367838.0	37.0	126.0
Sample_IPO3916_B8_R1	48.082077614165605	16.666666666666664	3.614441019588025	4622416.0	38.0	126.0
Sample_IPO3916_B8_R2	48.003264260250475	16.666666666666664	3.9307819815026437	4622416.0	38.0	126.0
Sample_IPO3916_B9_R1	91.01283094973817	41.66666666666667	1.8887530732203037	9042251.0	40.0	126.0
Sample_IPO3916_B9_R2	91.02484693283168	41.66666666666667	2.6798412060665897	9042251.0	40.0	126.0
Sample_IPO3916_C10_R1	42.63651120158962	25.0	6.018512483079634	8032363.0	38.0	126.0
Sample_IPO3916_C10_R2	41.905789938733705	33.33333333333333	6.848163969791815	8032363.0	38.0	126.0
Sample_IPO3916_C11_R1	52.216743542242476	33.33333333333333	5.728663228682542	13980064.0	36.0	126.0
Sample_IPO3916_C11_R2	51.99691706556786	33.33333333333333	6.372090069410769	13980064.0	36.0	126.0
Sample_IPO3916_C12_R1	69.53812896639228	33.33333333333333	5.759277158540808	7580630.0	37.0	126.0
Sample_IPO3916_C12_R2	68.82373822596749	41.66666666666667	6.6517561707869115	7580630.0	38.0	126.0
Sample_IPO3916_C1_R1	47.07507335662622	25.0	10.904008684736867	5470060.0	38.0	126.0
Sample_IPO3916_C1_R2	47.10443502635642	33.33333333333333	11.162310166470998	5470060.0	38.0	126.0
Sample_IPO3916_C2_R1	47.73885925373047	25.0	8.755464797946305	13460728.0	39.0	126.0
Sample_IPO3916_C2_R2	46.82100618510421	33.33333333333333	9.678797603276873	13460728.0	38.0	126.0
Sample_IPO3916_C3_R1	51.02217659208193	33.33333333333333	10.578820443350825	7027775.0	38.0	126.0
Sample_IPO3916_C3_R2	50.6904088399661	41.66666666666667	11.117598408988643	7027775.0	38.0	126.0
Sample_IPO3916_C4_R1	90.42813254453667	41.66666666666667	2.7967511102681293	4774433.0	38.0	126.0
Sample_IPO3916_C4_R2	89.78057830218808	50.0	4.619166296814721	4774433.0	39.0	126.0
Sample_IPO3916_C5_R1	47.311205070147246	16.666666666666664	4.378764110345045	5099526.0	39.0	126.0
Sample_IPO3916_C5_R2	46.558480087154976	25.0	5.522667344824934	5099526.0	39.0	126.0
Sample_IPO3916_C6_R1	55.15544192395511	41.66666666666667	5.999669579775455	8740289.0	37.0	126.0
Sample_IPO3916_C6_R2	54.61300273379009	41.66666666666667	6.515955312196489	8740289.0	37.0	126.0
Sample_IPO3916_C7_R1	58.346368945214515	41.66666666666667	7.802349841571964	5466099.0	37.0	126.0
Sample_IPO3916_C7_R2	58.0576737052395	50.0	8.203422703269853	5466099.0	38.0	126.0
Sample_IPO3916_C8_R1	43.360792832224845	25.0	6.2024397093111565	4530705.0	38.0	126.0
Sample_IPO3916_C8_R2	42.511797955646216	33.33333333333333	7.156478485609383	4530705.0	38.0	126.0
Sample_IPO3916_C9_R1	53.041231133736616	33.33333333333333	5.438485102723651	5875332.0	37.0	126.0
Sample_IPO3916_C9_R2	52.924012380479155	41.66666666666667	5.973391450305776	5875332.0	37.0	126.0
Sample_IPO3916_D10_R1	55.64311772062623	25.0	4.7589595093384185	8056010.0	38.0	126.0
Sample_IPO3916_D10_R2	55.73498609461611	25.0	5.345681681051175	8056010.0	38.0	126.0
Sample_IPO3916_D11_R1	48.47288611392192	25.0	7.39980590582762	3366816.0	38.0	126.0
Sample_IPO3916_D11_R2	47.72239911111223	33.33333333333333	8.567531808867242	3366816.0	38.0	126.0
Sample_IPO3916_D12_R1	47.65180736001796	25.0	5.425860623741815	11048473.0	37.0	126.0
Sample_IPO3916_D12_R2	47.15596425648359	25.0	6.210742770473694	11048473.0	37.0	126.0
Sample_IPO3916_D1_R1	54.043765793012895	33.33333333333333	11.639078563417847	14953665.0	38.0	126.0
Sample_IPO3916_D1_R2	54.15911603925382	41.66666666666667	12.14709549969167	14953665.0	38.0	126.0
Sample_IPO3916_D2_R1	44.35971990861481	25.0	12.49600355909407	26694933.0	39.0	126.0
Sample_IPO3916_D2_R2	44.044104835243516	33.33333333333333	13.280604273097119	26694933.0	39.0	126.0
Sample_IPO3916_D3_R1	39.59696215150513	25.0	9.711377987675203	3794204.0	38.0	126.0
Sample_IPO3916_D3_R2	38.90793681390572	33.33333333333333	10.532336096327912	3794204.0	38.0	126.0
Sample_IPO3916_D4_R1	70.87770133648571	33.33333333333333	9.350794448806893	8942844.0	38.0	126.0
Sample_IPO3916_D4_R2	70.51131960465288	50.0	9.899539042986028	8942844.0	38.0	126.0
Sample_IPO3916_D5_R1	57.02357927623222	33.33333333333333	6.977421854238175	5704043.0	37.0	126.0
Sample_IPO3916_D5_R2	56.36553738589339	41.66666666666667	7.858948774760595	5704043.0	37.0	126.0
Sample_IPO3916_D6_R1	59.38066799213067	33.33333333333333	5.339899773531998	9865895.0	37.0	126.0
Sample_IPO3916_D6_R2	58.67955764712469	41.66666666666667	6.3137976918835115	9865895.0	37.0	126.0
Sample_IPO3916_D7_R1	48.2855612612337	16.666666666666664	4.8047953427927315	4946511.0	38.0	126.0
Sample_IPO3916_D7_R2	47.82533209329433	16.666666666666664	5.4425897685722635	4946511.0	38.0	126.0
Sample_IPO3916_D8_R1	49.068948783988965	16.666666666666664	4.934958007767853	5556364.0	36.0	126.0
Sample_IPO3916_D8_R2	49.13686866115145	16.666666666666664	5.328404896233786	5556364.0	36.0	126.0
Sample_IPO3916_D9_R1	50.100836420419206	25.0	4.914957503366964	4691240.0	35.0	126.0
Sample_IPO3916_D9_R2	49.7032923370309	25.0	5.390459935931922	4691240.0	35.0	126.0
Sample_IPO3916_E10_R1	53.17972109408876	25.0	4.539998520019471	8300195.0	36.0	126.0
Sample_IPO3916_E10_R2	53.00246261690388	25.0	5.171344750487168	8300195.0	36.0	126.0
Sample_IPO3916_E11_R1	51.37209882884804	33.33333333333333	6.8767391555496955	11543215.0	38.0	126.0
Sample_IPO3916_E11_R2	50.80089219423995	41.66666666666667	7.854975741985556	11543215.0	38.0	126.0
Sample_IPO3916_E12_R1	37.50722755263466	25.0	6.146875058901572	6937522.0	37.0	126.0
Sample_IPO3916_E12_R2	37.20642036187583	25.0	6.716965857938673	6937522.0	37.0	126.0
Sample_IPO3916_E1_R1	53.15836372997057	25.0	8.655728168455473	10043760.0	38.0	126.0
Sample_IPO3916_E1_R2	52.53643840188565	41.66666666666667	9.493860659405236	10043760.0	38.0	126.0
Sample_IPO3916_E2_R1	38.69559624365897	41.66666666666667	13.785506449996934	3761327.0	39.0	126.0
Sample_IPO3916_E2_R2	38.07593991002679	41.66666666666667	14.66287221048772	3761327.0	39.0	126.0
Sample_IPO3916_E3_R1	51.14862925829684	33.33333333333333	9.421258998407179	6941557.0	37.0	126.0
Sample_IPO3916_E3_R2	50.94529367668432	41.66666666666667	9.896460354758112	6941557.0	37.0	126.0
Sample_IPO3916_E4_R1	66.80773644210106	41.66666666666667	12.203568821914855	4727518.0	40.0	126.0
Sample_IPO3916_E4_R2	66.14866790547589	50.0	13.05122594045238	4727518.0	40.0	126.0
Sample_IPO3916_E5_R1	62.05447324623067	33.33333333333333	7.554249710657916	4790452.0	38.0	126.0
Sample_IPO3916_E5_R2	61.30652148764071	41.66666666666667	8.441467080171737	4790452.0	38.0	126.0
Sample_IPO3916_E6_R1	44.823667318155024	16.666666666666664	4.470744002575921	2637023.0	36.0	126.0
Sample_IPO3916_E6_R2	44.033270853334564	25.0	5.441077317773122	2637023.0	36.0	126.0
Sample_IPO3916_E7_R1	48.399522841079104	16.666666666666664	5.335759829975074	5699549.0	37.0	126.0
Sample_IPO3916_E7_R2	48.19786321138343	16.666666666666664	5.902852597468259	5699549.0	37.0	126.0
Sample_IPO3916_E8_R1	50.80393331511774	33.33333333333333	5.654322351848367	3309640.0	36.0	126.0
Sample_IPO3916_E8_R2	50.34562884334959	33.33333333333333	6.3214140395646545	3309640.0	36.0	126.0
Sample_IPO3916_E9_R1	47.18875894122693	16.666666666666664	4.500769441229449	3862110.0	38.0	126.0
Sample_IPO3916_E9_R2	46.89534177740816	16.666666666666664	5.066614832183395	3862110.0	38.0	126.0
Sample_IPO3916_F10_R1	49.63885222645496	16.666666666666664	4.109175791809199	7747772.0	37.0	126.0
Sample_IPO3916_F10_R2	49.28674287916252	16.666666666666664	4.761421673715944	7747772.0	37.0	126.0
Sample_IPO3916_F11_R1	68.5596755621853	50.0	6.713714207092229	7654058.0	37.0	126.0
Sample_IPO3916_F11_R2	67.76330898906497	58.333333333333336	7.646495887001772	7654058.0	37.0	126.0
Sample_IPO3916_F12_R1	57.666569159464984	25.0	4.156987403364215	9791100.0	36.0	126.0
Sample_IPO3916_F12_R2	57.12795346579692	25.0	4.882354123675324	9791100.0	36.0	126.0
Sample_IPO3916_F1_R1	74.38675609918286	25.0	4.266240919578646	15833217.0	33.0	126.0
Sample_IPO3916_F1_R2	74.19095862070364	25.0	4.6822014695283904	15833217.0	34.0	126.0
Sample_IPO3916_F2_R1	36.570600596199064	25.0	13.01591563736269	4763228.0	39.0	126.0
Sample_IPO3916_F2_R2	36.04353672415234	33.33333333333333	13.758714395110552	4763228.0	39.0	126.0
Sample_IPO3916_F3_R1	42.585187984633436	25.0	8.172521436345749	4020869.0	36.0	126.0
Sample_IPO3916_F3_R2	42.02024021903171	33.33333333333333	8.847749791685047	4020869.0	36.0	126.0
Sample_IPO3916_F4_R1	70.96713082917464	33.33333333333333	6.0209546104922715	4972483.0	37.0	126.0
Sample_IPO3916_F4_R2	70.65670458236889	33.33333333333333	6.670451751470631	4972483.0	37.0	126.0
Sample_IPO3916_F5_R1	6.875241405948245	41.66666666666667	8.499022114317595	2589.0	38.0	126.0
Sample_IPO3916_F5_R2	5.832367709540364	41.66666666666667	17.824189029287524	2589.0	38.0	126.0
Sample_IPO3916_F6_R1	54.70733161309534	41.66666666666667	7.001534754122838	4728786.0	36.0	126.0
Sample_IPO3916_F6_R2	54.178428516042906	41.66666666666667	7.464596823028352	4728786.0	36.0	126.0
Sample_IPO3916_F7_R1	62.52375391860665	33.33333333333333	5.843209913917117	8480013.0	36.0	126.0
Sample_IPO3916_F7_R2	62.760681593183406	33.33333333333333	6.259637659772306	8480013.0	36.0	126.0
Sample_IPO3916_F8_R1	48.97904585389933	16.666666666666664	4.724253836082654	7812852.0	36.0	126.0
Sample_IPO3916_F8_R2	48.26806041578261	25.0	5.8046353806340045	7812852.0	36.0	126.0
Sample_IPO3916_F9_R1	59.47710541144385	41.66666666666667	6.705053100322295	7222703.0	36.0	126.0
Sample_IPO3916_F9_R2	59.227606988271546	50.0	7.208840772355705	7222703.0	36.0	126.0
Sample_IPO3916_G10_R1	59.88660183581928	41.66666666666667	16.704583642014363	146898375.0	39.0	126.0
Sample_IPO3916_G10_R2	60.23729879318384	41.66666666666667	17.247695401559934	146898375.0	39.0	126.0
Sample_IPO3916_G11_R1	90.93145526681032	33.33333333333333	2.4454187399969194	11730543.0	38.0	126.0
Sample_IPO3916_G11_R2	90.24995906090453	41.66666666666667	3.399417257791077	11730543.0	38.0	126.0
Sample_IPO3916_G12_R1	58.64057633553635	41.66666666666667	18.50330009485404	66406439.0	39.0	126.0
Sample_IPO3916_G12_R2	59.02150354108021	41.66666666666667	18.91757454902017	66406439.0	39.0	126.0
Sample_IPO3916_G1_R1	52.035639817460925	33.33333333333333	12.691073928351711	24735666.0	38.0	126.0
Sample_IPO3916_G1_R2	51.64070819040493	41.66666666666667	13.394119321661357	24735666.0	39.0	126.0
Sample_IPO3916_G2_R1	42.350069854840164	16.666666666666664	12.845249913751722	11740055.0	38.0	126.0
Sample_IPO3916_G2_R2	42.01777636003754	33.33333333333333	13.332734515122501	11740055.0	39.0	126.0
Sample_IPO3916_G3_R1	70.64735558297893	33.33333333333333	5.545791435005972	5270511.0	37.0	126.0
Sample_IPO3916_G3_R2	69.92103865874806	41.66666666666667	6.350185893393373	5270511.0	37.0	126.0
Sample_IPO3916_G4_R1	72.82950586547892	33.33333333333333	6.1906083131948755	8550252.0	38.0	126.0
Sample_IPO3916_G4_R2	71.77311022517253	41.66666666666667	7.414463822467937	8550252.0	37.0	126.0
Sample_IPO3916_G5_R1	55.78331390644676	41.66666666666667	16.52808410707435	47735421.0	40.0	126.0
Sample_IPO3916_G5_R2	56.375705741881646	41.66666666666667	16.800271125279593	47735421.0	40.0	126.0
Sample_IPO3916_G6_R1	48.35090183778262	33.33333333333333	7.49225950414159	5399894.0	38.0	126.0
Sample_IPO3916_G6_R2	47.66263856474181	41.66666666666667	8.41114320874294	5399894.0	38.0	126.0
Sample_IPO3916_G7_R1	52.996339722491626	33.33333333333333	6.674427283690198	10848896.0	39.0	126.0
Sample_IPO3916_G7_R2	52.76754094672494	41.66666666666667	7.351553456581102	10848896.0	39.0	126.0
Sample_IPO3916_G8_R1	39.72335172255186	16.666666666666664	4.7474156939151095	4595090.0	36.0	126.0
Sample_IPO3916_G8_R2	39.04314124693498	16.666666666666664	5.601238202253634	4595090.0	36.0	126.0
Sample_IPO3916_G9_R1	65.10103276213115	25.0	4.835333147384149	9151331.0	37.0	126.0
Sample_IPO3916_G9_R2	65.02316062125365	25.0	5.263555789845354	9151331.0	37.0	126.0
Sample_IPO3916_H10_R1	69.74375988237196	33.33333333333333	6.318971699974973	10387063.0	36.0	126.0
Sample_IPO3916_H10_R2	69.31379333247295	41.66666666666667	6.984364810494295	10387063.0	36.0	126.0
Sample_IPO3916_H11_R1	65.3466240613663	41.66666666666667	18.284024450465303	218441526.0	42.0	126.0
Sample_IPO3916_H11_R2	66.13212181811646	41.66666666666667	18.77058704023212	218441526.0	42.0	126.0
Sample_IPO3916_H12_R1	74.46778025841232	41.66666666666667	20.08176948435857	258893078.0	40.0	126.0
Sample_IPO3916_H12_R2	75.4158845337097	41.66666666666667	20.385287295357983	258893078.0	40.0	126.0
Sample_IPO3916_H1_R1	56.25531826623946	33.33333333333333	10.666987031317412	5902401.0	39.0	126.0
Sample_IPO3916_H1_R2	55.63510188887206	41.66666666666667	11.423250026718344	5902401.0	39.0	126.0
Sample_IPO3916_H2_R1	77.29066982814477	33.33333333333333	7.118378191995046	2838331.0	39.0	126.0
Sample_IPO3916_H2_R2	76.9734708275293	50.0	8.18312503380242	2838331.0	39.0	126.0
Sample_IPO3916_H3_R1	53.78517971803352	33.33333333333333	6.917211354689255	6354657.0	37.0	126.0
Sample_IPO3916_H3_R2	53.02388528367975	41.66666666666667	7.7635867604468585	6354657.0	37.0	126.0
Sample_IPO3916_H4_R1	62.39646582555584	33.33333333333333	5.554809623772882	6349787.0	37.0	126.0
Sample_IPO3916_H4_R2	62.15448758469949	41.66666666666667	6.189714685117759	6349787.0	37.0	126.0
Sample_IPO3916_H5_R1	67.70005011048445	33.33333333333333	8.909080918164447	4357778.0	40.0	126.0
Sample_IPO3916_H5_R2	66.61938136152703	41.66666666666667	10.057723498185588	4357778.0	40.0	126.0
Sample_IPO3916_H6_R1	49.66660105277894	41.66666666666667	10.241489358989456	6087978.0	37.0	126.0
Sample_IPO3916_H6_R2	49.14582226937464	50.0	10.881801911064828	6087978.0	37.0	126.0
Sample_IPO3916_H7_R1	55.389681737406455	33.33333333333333	6.066591463292694	7767382.0	39.0	126.0
Sample_IPO3916_H7_R2	55.156155264321704	41.66666666666667	6.636671902195086	7767382.0	39.0	126.0
Sample_IPO3916_H8_R1	36.61841463024768	16.666666666666664	3.779901669367045	4249492.0	37.0	126.0
Sample_IPO3916_H8_R2	36.309843634030806	16.666666666666664	4.37436488206792	4249492.0	37.0	126.0
Sample_IPO3916_H9_R1	49.33948554484762	25.0	5.681887559187062	3710857.0	37.0	126.0
Sample_IPO3916_H9_R2	48.544259875815186	33.33333333333333	6.670366920034315	3710857.0	38.0	126.0
Sample_IPO3917_A10_R1	48.13440798236886	16.666666666666664	3.4016017211121574	3488656.0	38.0	126.0
Sample_IPO3917_A10_R2	47.52749677258446	16.666666666666664	4.738074463278095	3488656.0	38.0	126.0
Sample_IPO3917_A11_R1	46.78037567147446	16.666666666666664	3.9289243525562707	8264179.0	37.0	126.0
Sample_IPO3917_A11_R2	46.70633539414448	16.666666666666664	4.7607132551142115	8264179.0	37.0	126.0
Sample_IPO3917_A12_R1	64.5151934111243	25.0	3.5416130436916946	9080892.0	37.0	126.0
Sample_IPO3917_A12_R2	64.63950814369245	25.0	4.237981508969866	9080892.0	37.0	126.0
Sample_IPO3917_A1_R1	58.908144792772234	33.33333333333333	7.455529204495182	9506560.0	39.0	126.0
Sample_IPO3917_A1_R2	58.9259331106609	41.66666666666667	8.12210943126858	9506560.0	39.0	126.0
Sample_IPO3917_A2_R1	71.88633272942087	25.0	4.31057604769726	13518101.0	38.0	126.0
Sample_IPO3917_A2_R2	72.53508945068995	25.0	4.845366165436197	13518101.0	38.0	126.0
Sample_IPO3917_A3_R1	38.465362939556734	16.666666666666664	3.921094180035086	4325736.0	36.0	126.0
Sample_IPO3917_A3_R2	38.66538681299995	16.666666666666664	4.535508936679049	4325736.0	36.0	126.0
Sample_IPO3917_A4_R1	56.62799957400078	25.0	4.474653194976342	5661820.0	37.0	126.0
Sample_IPO3917_A4_R2	56.43472393876482	33.33333333333333	5.003860725024591	5661820.0	37.0	126.0
Sample_IPO3917_A5_R1	58.17798358071758	50.0	16.788445175835133	31007856.0	38.0	126.0
Sample_IPO3917_A5_R2	59.28729784427287	58.333333333333336	17.021194487585586	31007856.0	39.0	126.0
Sample_IPO3917_A6_R1	71.77123516892412	25.0	2.9075124410963986	12194349.0	35.0	126.0
Sample_IPO3917_A6_R2	71.84224590420547	33.33333333333333	3.7985156400579805	12194349.0	35.0	126.0
Sample_IPO3917_A7_R1	48.96661813382755	33.33333333333333	15.283160663468085	31364100.0	40.0	126.0
Sample_IPO3917_A7_R2	49.8680809525252	33.33333333333333	15.789260018898363	31364100.0	40.0	126.0
Sample_IPO3917_A8_R1	64.49153252170477	33.33333333333333	4.241268395074081	9158127.0	37.0	126.0
Sample_IPO3917_A8_R2	64.19513417533727	41.66666666666667	5.12017592992229	9158127.0	37.0	126.0
Sample_IPO3917_A9_R1	56.574452103734004	25.0	4.069120734688463	14423010.0	37.0	126.0
Sample_IPO3917_A9_R2	57.15786128226406	33.33333333333333	4.772761421803473	14423010.0	37.0	126.0
Sample_IPO3917_B10_R1	54.96472890658066	25.0	4.022917525764834	9432418.0	39.0	126.0
Sample_IPO3917_B10_R2	55.679862128701515	25.0	4.793554896746889	9432418.0	39.0	126.0
Sample_IPO3917_B11_R1	58.92320731278209	25.0	3.36518308936989	11490168.0	38.0	126.0
Sample_IPO3917_B11_R2	59.06850234314989	25.0	4.16809203988817	11490168.0	38.0	126.0
Sample_IPO3917_B12_R1	49.11623507493903	25.0	5.380944809412361	11609892.0	37.0	126.0
Sample_IPO3917_B12_R2	49.70715361775938	33.33333333333333	5.9338190581530315	11609892.0	37.0	126.0
Sample_IPO3917_B1_R1	54.747546356614244	50.0	8.069803827145346	5348109.0	38.0	126.0
Sample_IPO3917_B1_R2	54.40653282131968	58.333333333333336	8.789858811006471	5348109.0	38.0	126.0
Sample_IPO3917_B2_R1	42.206357862036946	16.666666666666664	4.1373796556397915	3564185.0	37.0	126.0
Sample_IPO3917_B2_R2	41.59194256644631	25.0	5.430281029316994	3564185.0	37.0	126.0
Sample_IPO3917_B3_R1	52.33526909006987	41.66666666666667	3.9447464925382416	9450219.0	37.0	126.0
Sample_IPO3917_B3_R2	52.605876471637494	50.0	4.62233161281723	9450219.0	37.0	126.0
Sample_IPO3917_B4_R1	64.02640458379476	25.0	3.0654832056816463	8981341.0	34.0	126.0
Sample_IPO3917_B4_R2	63.93852479961544	25.0	3.930352815786516	8981341.0	34.0	126.0
Sample_IPO3917_B5_R1	79.42805419420796	25.0	4.455755040465079	8307451.0	38.0	126.0
Sample_IPO3917_B5_R2	79.13495869964859	33.33333333333333	5.44730486571251	8307451.0	38.0	126.0
Sample_IPO3917_B6_R1	63.04853430571345	25.0	4.05954855954684	9598997.0	36.0	126.0
Sample_IPO3917_B6_R2	63.13570405960285	33.33333333333333	4.863131029078367	9598997.0	36.0	126.0
Sample_IPO3917_B7_R1	66.25437697219806	33.33333333333333	4.561975162858475	10737093.0	37.0	126.0
Sample_IPO3917_B7_R2	66.9135003336101	33.33333333333333	5.0124306576262425	10737093.0	36.0	126.0
Sample_IPO3917_B8_R1	63.28751473159438	33.33333333333333	4.039819663806798	7784223.0	37.0	126.0
Sample_IPO3917_B8_R2	63.66274141747154	41.66666666666667	4.260136073484689	7784223.0	37.0	126.0
Sample_IPO3917_B9_R1	55.148628467567164	25.0	3.107294880123998	9922372.0	38.0	126.0
Sample_IPO3917_B9_R2	55.63654064849185	25.0	3.6862360689113	9922372.0	38.0	126.0
Sample_IPO3917_C10_R1	53.33024084332405	41.66666666666667	4.407629660127956	17049422.0	37.0	126.0
Sample_IPO3917_C10_R2	53.63775946416345	50.0	5.029303064787786	17049422.0	37.0	126.0
Sample_IPO3917_C11_R1	58.32532506780432	25.0	3.841670564734636	13523081.0	38.0	126.0
Sample_IPO3917_C11_R2	58.297791356674914	25.0	4.704429658694888	13523081.0	38.0	126.0
Sample_IPO3917_C12_R1	46.849463299098595	16.666666666666664	4.677644863864363	7975051.0	38.0	126.0
Sample_IPO3917_C12_R2	47.09297282630828	16.666666666666664	5.398819233903172	7975051.0	38.0	126.0
Sample_IPO3917_C1_R1	55.011764509981674	33.33333333333333	6.838417434393773	6061197.0	37.0	126.0
Sample_IPO3917_C1_R2	55.40574660558824	50.0	7.12352207574191	6061197.0	37.0	126.0
Sample_IPO3917_C2_R1	57.11920679737879	33.33333333333333	5.915344466443657	8909554.0	35.0	126.0
Sample_IPO3917_C2_R2	56.472648178398686	41.66666666666667	6.797719438335344	8909554.0	35.0	126.0
Sample_IPO3917_C3_R1	62.27701008871896	25.0	3.4526237917020786	13018439.0	38.0	126.0
Sample_IPO3917_C3_R2	62.70811864250426	25.0	4.2897080959248015	13018439.0	38.0	126.0
Sample_IPO3917_C4_R1	60.75172489954421	25.0	3.370834762844293	9216855.0	35.0	126.0
Sample_IPO3917_C4_R2	59.90277873578382	33.33333333333333	4.860511375239013	9216855.0	35.0	126.0
Sample_IPO3917_C5_R1	58.50976548662555	41.66666666666667	12.57765254123579	32574295.0	39.0	126.0
Sample_IPO3917_C5_R2	59.10044016194143	41.66666666666667	13.07593096150454	32574295.0	39.0	126.0
Sample_IPO3917_C6_R1	67.33677386718763	50.0	4.938968480316014	6126617.0	39.0	126.0
Sample_IPO3917_C6_R2	66.92975309976978	41.66666666666667	5.864734832777065	6126617.0	38.0	126.0
Sample_IPO3917_C7_R1	68.99482970819699	25.0	2.8805464375794054	12510913.0	36.0	126.0
Sample_IPO3917_C7_R2	70.03402587746704	25.0	3.234722624426637	12510913.0	36.0	126.0
Sample_IPO3917_C8_R1	62.30559094513466	25.0	2.598485674710356	9359921.0	39.0	126.0
Sample_IPO3917_C8_R2	61.82411784960535	25.0	3.66946515555569	9359921.0	39.0	126.0
Sample_IPO3917_C9_R1	60.02986152946919	25.0	4.273905586123133	11923023.0	36.0	126.0
Sample_IPO3917_C9_R2	60.2633664747738	25.0	4.8954820634075125	11923023.0	36.0	126.0
Sample_IPO3917_D10_R1	60.276849763485785	25.0	4.18452942324	5165565.0	39.0	126.0
Sample_IPO3917_D10_R2	60.37086189143764	33.33333333333333	4.984292733754796	5165565.0	39.0	126.0
Sample_IPO3917_D11_R1	50.45930387332705	25.0	3.4329534221621145	9642020.0	36.0	126.0
Sample_IPO3917_D11_R2	50.226025660122566	25.0	4.469974809006464	9642020.0	36.0	126.0
Sample_IPO3917_D12_R1	43.61385443718394	16.666666666666664	3.597455430364386	7143399.0	36.0	126.0
Sample_IPO3917_D12_R2	43.68809310462116	16.666666666666664	4.270299499524411	7143399.0	36.0	126.0
Sample_IPO3917_D1_R1	46.2303634507328	25.0	5.817225253427034	5835492.0	38.0	126.0
Sample_IPO3917_D1_R2	46.38429854906999	33.33333333333333	6.493096774995885	5835492.0	38.0	126.0
Sample_IPO3917_D2_R1	56.232361525562865	41.66666666666667	5.42718928034086	5858490.0	37.0	126.0
Sample_IPO3917_D2_R2	55.74731620903855	50.0	6.542463255131537	5858490.0	37.0	126.0
Sample_IPO3917_D3_R1	57.92322695328532	33.33333333333333	5.319736050019851	4290647.0	37.0	126.0
Sample_IPO3917_D3_R2	57.44274106103015	41.66666666666667	6.314327789562177	4290647.0	37.0	126.0
Sample_IPO3917_D4_R1	77.11548890365847	25.0	4.232868587990491	10120750.0	37.0	126.0
Sample_IPO3917_D4_R2	76.94090869078006	25.0	5.078426178497813	10120750.0	37.0	126.0
Sample_IPO3917_D5_R1	58.80919408184608	41.66666666666667	16.866776396994755	43832364.0	38.0	126.0
Sample_IPO3917_D5_R2	59.059006587806564	41.66666666666667	17.41526341311103	43832364.0	39.0	126.0
Sample_IPO3917_D6_R1	63.14799646082241	33.33333333333333	3.92068073246929	5876003.0	38.0	126.0
Sample_IPO3917_D6_R2	62.35836372815174	41.66666666666667	5.363188667264584	5876003.0	38.0	126.0
Sample_IPO3917_D7_R1	62.294898894180974	33.33333333333333	4.298872195688907	9005121.0	36.0	126.0
Sample_IPO3917_D7_R2	62.61095785245226	41.66666666666667	4.850244531849032	9005121.0	35.0	126.0
Sample_IPO3917_D8_R1	36.64780544129482	16.666666666666664	3.4414102795449146	2620956.0	35.0	126.0
Sample_IPO3917_D8_R2	36.82068928602597	16.666666666666664	3.907434950974026	2620956.0	35.0	126.0
Sample_IPO3917_D9_R1	59.647229463702715	25.0	3.651764053255762	10328557.0	36.0	126.0
Sample_IPO3917_D9_R2	60.049795390859764	25.0	4.278453033830963	10328557.0	35.0	126.0
Sample_IPO3917_E10_R1	60.644078218225886	25.0	4.3879503203341494	9211968.0	38.0	126.0
Sample_IPO3917_E10_R2	60.90546840306937	33.33333333333333	5.208894887159075	9211968.0	38.0	126.0
Sample_IPO3917_E11_R1	43.09070951571732	16.666666666666664	3.497775262163383	8493239.0	35.0	126.0
Sample_IPO3917_E11_R2	43.19593524402858	25.0	4.308304280205459	8493239.0	35.0	126.0
Sample_IPO3917_E12_R1	64.42862017299322	25.0	4.00426516313278	7957380.0	36.0	126.0
Sample_IPO3917_E12_R2	64.48643993460742	25.0	4.64955293373064	7957380.0	36.0	126.0
Sample_IPO3917_E1_R1	65.63570594486123	25.0	3.670684218283121	6335020.0	37.0	126.0
Sample_IPO3917_E1_R2	65.13656747291438	25.0	4.745880332721416	6335020.0	37.0	126.0
Sample_IPO3917_E2_R1	50.04455638659179	25.0	5.413968896797938	6310393.0	38.0	126.0
Sample_IPO3917_E2_R2	49.93811168185345	33.33333333333333	6.313673634076658	6310393.0	38.0	126.0
Sample_IPO3917_E3_R1	60.10423962038227	50.0	7.381847743472041	8480293.0	37.0	126.0
Sample_IPO3917_E3_R2	60.34096137187825	58.333333333333336	7.992186699284437	8480293.0	37.0	126.0
Sample_IPO3917_E4_R1	64.70167391672406	16.666666666666664	5.150128252655366	10031922.0	37.0	126.0
Sample_IPO3917_E4_R2	64.81600492920765	33.33333333333333	5.962480379655872	10031922.0	37.0	126.0
Sample_IPO3917_E5_R1	68.49544479546208	16.666666666666664	4.352498148272033	9092794.0	36.0	126.0
Sample_IPO3917_E5_R2	68.21041402782083	33.33333333333333	5.3542689173112565	9092794.0	36.0	126.0
Sample_IPO3917_E6_R1	69.28274038071001	33.33333333333333	3.720857474954452	10663350.0	36.0	126.0
Sample_IPO3917_E6_R2	68.69819088432568	41.66666666666667	4.836151583144789	10663350.0	36.0	126.0
Sample_IPO3917_E7_R1	68.05447580147309	33.33333333333333	5.2305003188733625	11944932.0	36.0	126.0
Sample_IPO3917_E7_R2	68.1543394011043	41.66666666666667	5.857911652339784	11944932.0	35.0	126.0
Sample_IPO3917_E8_R1	54.24486579913995	25.0	3.717726830883874	7453164.0	37.0	126.0
Sample_IPO3917_E8_R2	54.331551287807365	25.0	4.478929063836897	7453164.0	37.0	126.0
Sample_IPO3917_E9_R1	55.7124349099244	25.0	3.5466213348254914	9136015.0	38.0	126.0
Sample_IPO3917_E9_R2	55.834062806398634	33.33333333333333	4.452998936556592	9136015.0	38.0	126.0
Sample_IPO3917_F10_R1	42.34996782520082	25.0	4.540803846657265	2674147.0	37.0	126.0
Sample_IPO3917_F10_R2	41.79663674197162	33.33333333333333	5.6847152702204795	2674147.0	37.0	126.0
Sample_IPO3917_F11_R1	46.893160772489885	16.666666666666664	4.093594717660711	7444405.0	39.0	126.0
Sample_IPO3917_F11_R2	46.792536772634406	25.0	5.029065665731726	7444405.0	39.0	126.0
Sample_IPO3917_F12_R1	64.42757990415092	25.0	4.3454559319859145	9457716.0	37.0	126.0
Sample_IPO3917_F12_R2	64.57603660737624	25.0	5.200940088041794	9457716.0	36.0	126.0
Sample_IPO3917_F1_R1	43.60876665833804	41.66666666666667	5.39228787069165	4133362.0	37.0	126.0
Sample_IPO3917_F1_R2	43.76711067266441	41.66666666666667	5.884185380803388	4133362.0	37.0	126.0
Sample_IPO3917_F2_R1	77.78786946960469	33.33333333333333	3.1926769932611516	7242213.0	39.0	126.0
Sample_IPO3917_F2_R2	77.26763555872364	33.33333333333333	4.086185670612972	7242213.0	39.0	126.0
Sample_IPO3917_F3_R1	52.678629087726115	50.0	7.333548240446588	4185640.0	38.0	126.0
Sample_IPO3917_F3_R2	52.347108121233056	50.0	8.177144933781912	4185640.0	38.0	126.0
Sample_IPO3917_F4_R1	61.378617279352035	25.0	6.080597683511107	7829275.0	38.0	126.0
Sample_IPO3917_F4_R2	61.78974915632651	41.66666666666667	6.815979585776279	7829275.0	38.0	126.0
Sample_IPO3917_F5_R1	71.49094854525427	16.666666666666664	4.585283354703236	9983519.0	36.0	126.0
Sample_IPO3917_F5_R2	71.4187214157063	33.33333333333333	5.368995307833507	9983519.0	36.0	126.0
Sample_IPO3917_F6_R1	68.25419378107244	25.0	3.2077785575947164	6724818.0	36.0	126.0
Sample_IPO3917_F6_R2	67.75539487634123	33.33333333333333	4.2283418473301975	6724818.0	36.0	126.0
Sample_IPO3917_F7_R1	56.88451727612885	33.33333333333333	4.377839584937993	5690459.0	38.0	126.0
Sample_IPO3917_F7_R2	57.228644034604756	41.66666666666667	4.9911650081776955	5690459.0	38.0	126.0
Sample_IPO3917_F8_R1	56.58485274786687	25.0	3.48972884441133	8831420.0	38.0	126.0
Sample_IPO3917_F8_R2	56.18121824657876	33.33333333333333	4.643189020673049	8831420.0	38.0	126.0
Sample_IPO3917_F9_R1	50.42696231846786	25.0	3.8963850170378485	7957219.0	34.0	126.0
Sample_IPO3917_F9_R2	50.64487378251185	25.0	4.405626503510199	7957219.0	34.0	126.0
Sample_IPO3917_G10_R1	37.616949523100764	33.33333333333333	10.911972838368836	33781668.0	38.0	126.0
Sample_IPO3917_G10_R2	38.39398924429578	25.0	11.406377527899414	33781668.0	38.0	126.0
Sample_IPO3917_G11_R1	57.345937106873755	25.0	3.9279899416735207	10959998.0	37.0	126.0
Sample_IPO3917_G11_R2	58.092812123192566	25.0	4.436927874888356	10959998.0	37.0	126.0
Sample_IPO3917_G12_R1	61.924121022699325	25.0	3.2121766021274194	9406576.0	36.0	126.0
Sample_IPO3917_G12_R2	61.866784736907945	25.0	4.112787861098617	9406576.0	36.0	126.0
Sample_IPO3917_G1_R1	52.437273965305835	41.66666666666667	5.468981948828204	7126095.0	37.0	126.0
Sample_IPO3917_G1_R2	52.411771911929264	50.0	6.368621020727118	7126095.0	37.0	126.0
Sample_IPO3917_G2_R1	54.75655360030305	50.0	5.92914280821726	7859034.0	37.0	126.0
Sample_IPO3917_G2_R2	54.79728747738391	58.333333333333336	6.347697722420112	7859034.0	37.0	126.0
Sample_IPO3917_G3_R1	61.150154848488924	33.33333333333333	5.839571923529883	7890449.0	37.0	126.0
Sample_IPO3917_G3_R2	60.708353404595194	41.66666666666667	6.657036619399978	7890449.0	37.0	126.0
Sample_IPO3917_G4_R1	90.89341838992195	33.33333333333333	2.6979394690561076	10301391.0	38.0	126.0
Sample_IPO3917_G4_R2	89.59624956765961	41.66666666666667	4.33789398572407	10301391.0	38.0	126.0
Sample_IPO3917_G5_R1	50.67730270326011	41.66666666666667	15.818833039003838	115207240.0	38.0	126.0
Sample_IPO3917_G5_R2	51.98346227017747	41.66666666666667	16.144708137087264	115207240.0	38.0	126.0
Sample_IPO3917_G6_R1	63.96766581921348	33.33333333333333	3.262062063880115	6040752.0	37.0	126.0
Sample_IPO3917_G6_R2	63.57581213718604	41.66666666666667	4.409591194175299	6040752.0	37.0	126.0
Sample_IPO3917_G7_R1	64.52527387196415	50.0	4.4831161460687	12316984.0	37.0	126.0
Sample_IPO3917_G7_R2	65.34227576698643	50.0	4.964451898547129	12316984.0	37.0	126.0
Sample_IPO3917_G8_R1	51.48237522701397	25.0	3.732206763267839	14409063.0	37.0	126.0
Sample_IPO3917_G8_R2	50.82338599233174	33.33333333333333	5.238601213738528	14409063.0	37.0	126.0
Sample_IPO3917_G9_R1	63.42991984515237	25.0	3.686807833791969	10580448.0	37.0	126.0
Sample_IPO3917_G9_R2	64.05268232295697	25.0	4.200330887660195	10580448.0	37.0	126.0
Sample_IPO3917_H10_R1	77.88071351359336	25.0	2.4421615200482067	7989029.0	35.0	126.0
Sample_IPO3917_H10_R2	77.6924905084966	25.0	3.1099952276418152	7989029.0	35.0	126.0
Sample_IPO3917_H11_R1	68.05992412735182	25.0	3.5834202588411954	9393511.0	37.0	126.0
Sample_IPO3917_H11_R2	68.00896118653472	25.0	4.441900760087857	9393511.0	37.0	126.0
Sample_IPO3917_H12_R1	59.76199056357162	41.66666666666667	19.756505347624643	102883852.0	39.0	126.0
Sample_IPO3917_H12_R2	60.910580537564215	41.66666666666667	20.01381978021412	102883852.0	39.0	126.0
Sample_IPO3917_H1_R1	48.33375125538753	16.666666666666664	4.145928501329994	5778597.0	38.0	126.0
Sample_IPO3917_H1_R2	48.28035766402745	25.0	5.087213444579429	5778597.0	38.0	126.0
Sample_IPO3917_H2_R1	62.83547856382572	25.0	3.9377970394866386	6095884.0	37.0	126.0
Sample_IPO3917_H2_R2	62.45364959515624	33.33333333333333	4.988060744354663	6095884.0	37.0	126.0
Sample_IPO3917_H3_R1	69.10850956782019	41.66666666666667	6.1034782086478065	5850455.0	37.0	126.0
Sample_IPO3917_H3_R2	68.96818519157151	50.0	6.879342432910489	5850455.0	37.0	126.0
Sample_IPO3917_H4_R1	59.26649323992228	41.66666666666667	16.888606235074484	55638873.0	40.0	126.0
Sample_IPO3917_H4_R2	60.086952493717256	41.66666666666667	17.31467265729615	55638873.0	40.0	126.0
Sample_IPO3917_H5_R1	68.15570167925907	25.0	3.5869513885087945	10672487.0	35.0	126.0
Sample_IPO3917_H5_R2	67.63421441058772	33.33333333333333	4.712428559499069	10672487.0	35.0	126.0
Sample_IPO3917_H6_R1	72.7888089710734	33.33333333333333	3.912712957318721	8084045.0	37.0	126.0
Sample_IPO3917_H6_R2	72.65364590759161	33.33333333333333	4.792086787999725	8084045.0	37.0	126.0
Sample_IPO3917_H7_R1	53.72020237712792	50.0	5.114097734693566	4757254.0	37.0	126.0
Sample_IPO3917_H7_R2	54.20802606998801	50.0	5.445397468558308	4757254.0	37.0	126.0
Sample_IPO3917_H8_R1	58.138581122284215	25.0	4.529112341656526	11528402.0	36.0	126.0
Sample_IPO3917_H8_R2	59.11664209609602	25.0	5.099033701068051	11528402.0	36.0	126.0
Sample_IPO3917_H9_R1	52.29477502381295	25.0	3.468615007632505	4399885.0	37.0	126.0
Sample_IPO3917_H9_R2	52.04516788329836	25.0	4.45601978305674	4399885.0	37.0	126.0
