Sample	r_with_adapters	bp_processed	percent_trimmed	bp_written	r_processed	quality_trimmed
Sample_PRO1747_PlateG_A10_R1	3283059	1635172866	1.654668724181239	1608116172	13092489	6839480
Sample_PRO1747_PlateG_A10_R2	3368483	1649653614	1.9219652981040904	1617947844	13092489	11497934
Sample_PRO1747_PlateG_A11_R1	2833907	1450759458	1.6328417415700902	1427070852	11610551	7408310
Sample_PRO1747_PlateG_A11_R2	2930965	1462929426	1.9283366305053735	1434719222	11610551	11785955
Sample_PRO1747_PlateG_A12_R1	2372088	1122184590	1.9419748046976837	1100392048	8984302	3737252
Sample_PRO1747_PlateG_A12_R2	2454551	1132022052	2.3398385175627303	1105534564	8984302	8470332
Sample_PRO1747_PlateG_A1_R1	2967392	1466207214	1.6085753619815433	1442622166	11732574	6609500
Sample_PRO1747_PlateG_A1_R2	3080912	1478304324	1.9117150333113686	1450043358	11732574	11096722
Sample_PRO1747_PlateG_A2_R1	3640629	1870185774	1.4425705924549503	1843207024	14970662	6884956
Sample_PRO1747_PlateG_A2_R2	3742261	1886303412	1.7913247564013843	1852513592	14970662	13803614
Sample_PRO1747_PlateG_A3_R1	3708203	1888072332	1.228074401971587	1864885399	15119421	5525717
Sample_PRO1747_PlateG_A3_R2	3819879	1905047046	1.5282816800315386	1875932561	15119421	11429127
Sample_PRO1747_PlateG_A4_R1	2577146	1361445186	1.3682196824044595	1342817625	10895733	5886211
Sample_PRO1747_PlateG_A4_R2	2699738	1372862358	1.556587146225769	1351492559	10895733	8387060
Sample_PRO1747_PlateG_A5_R1	3664959	1944718212	0.9281548292509125	1926668216	15562956	6904598
Sample_PRO1747_PlateG_A5_R2	3795619	1960932456	1.306340609622711	1935315999	15562956	14379971
Sample_PRO1747_PlateG_A6_R1	2854343	1525315890	1.0835305072446337	1508788627	12210047	6410055
Sample_PRO1747_PlateG_A6_R2	2955834	1538465922	1.3840996862847639	1517172020	12210047	11082114
Sample_PRO1747_PlateG_A7_R1	3476228	1883552304	1.2384868182561497	1860224757	15084552	9413369
Sample_PRO1747_PlateG_A7_R2	3659389	1900653552	1.3396308324159014	1875191811	15084552	11315298
Sample_PRO1747_PlateG_A8_R1	3046249	1558299864	1.5837234905899986	1533620703	12478362	8051673
Sample_PRO1747_PlateG_A8_R2	3193877	1572273612	1.8228351465838886	1543613656	12478362	11940778
Sample_PRO1747_PlateG_A9_R1	4277637	2253648348	1.1970387049932067	2226671305	18049592	7015123
Sample_PRO1747_PlateG_A9_R2	4426146	2274248592	1.601676620934674	2237822484	18049592	16508586
Sample_PRO1747_PlateG_B10_R1	2127436	1019859594	1.9578727422355355	999892041	8166078	3316050
Sample_PRO1747_PlateG_B10_R2	2211894	1028925828	2.2959398391154004	1005302310	8166078	6948373
Sample_PRO1747_PlateG_B11_R1	2957845	1522438662	1.2874290760753158	1502838344	12184325	6960256
Sample_PRO1747_PlateG_B11_R2	3059130	1535224950	1.4626864291125545	1512769423	12184325	9687559
Sample_PRO1747_PlateG_B12_R1	3117475	1510226652	1.4844859856174755	1487807549	12088587	5226107
Sample_PRO1747_PlateG_B12_R2	3230489	1523161962	1.8023820634249794	1495708764	12088587	10214832
Sample_PRO1747_PlateG_B1_R1	4176557	2201325648	1.2775140754640406	2173203403	17623451	7482598
Sample_PRO1747_PlateG_B1_R2	4307796	2220554826	1.5501462786219897	2186132978	17623451	13689487
Sample_PRO1747_PlateG_B2_R1	4085395	2170300962	1.2775291761585645	2142574734	17379264	6792736
Sample_PRO1747_PlateG_B2_R2	4192971	2189787264	1.674683819879957	2153115251	17379264	15896085
Sample_PRO1747_PlateG_B3_R1	3249849	1680721818	1.4658353771665027	1656085203	13459095	5196313
Sample_PRO1747_PlateG_B3_R2	3353391	1695845970	1.8511725448744618	1664452935	13459095	11950527
Sample_PRO1747_PlateG_B4_R1	3643728	1863469662	1.3695318748902712	1837948851	14922149	6308946
Sample_PRO1747_PlateG_B4_R2	3751845	1880190774	1.686427007220279	1848482729	14922149	12545942
Sample_PRO1747_PlateG_B5_R1	2550315	1303354026	1.0490318614322522	1289681427	10427781	5395100
Sample_PRO1747_PlateG_B5_R2	2642153	1313900406	1.233465712164488	1297693895	10427781	7822586
Sample_PRO1747_PlateG_B6_R1	2300767	1208161884	1.21738023643858	1193453960	9666986	6952134
Sample_PRO1747_PlateG_B6_R2	2419319	1218040236	1.4867164864330475	1199931431	9666986	10131456
Sample_PRO1747_PlateG_B7_R1	2346003	1362091728	1.295101397165228	1344451259	10907814	6597887
Sample_PRO1747_PlateG_B7_R2	2499666	1374384564	1.4524043359381036	1354422943	10907814	8707925
Sample_PRO1747_PlateG_B8_R1	245562	121301700	1.6567599629683671	119292022	968582	885516
Sample_PRO1747_PlateG_B8_R2	267940	122041332	1.756728613876486	119897397	968582	1014003
Sample_PRO1747_PlateG_B9_R1	3886133	2040235302	0.9304687543339056	2021251550	16340364	5666792
Sample_PRO1747_PlateG_B9_R2	3984900	2058885864	1.3436225622655495	2031222209	16340364	14368130
Sample_PRO1747_PlateG_C10_R1	3607239	1788083124	1.3940108636694455	1763157051	14319533	5682448
Sample_PRO1747_PlateG_C10_R2	3719532	1804261158	1.839817747714325	1771066041	14319533	13980611
Sample_PRO1747_PlateG_C11_R1	3102292	1612384674	1.4581207809222827	1588874158	12910543	7126906
Sample_PRO1747_PlateG_C11_R2	3247085	1626728418	1.72075729975967	1598736370	12910543	11393969
Sample_PRO1747_PlateG_C12_R1	3722481	1739620200	1.7853620577641025	1708561681	13930012	5263062
Sample_PRO1747_PlateG_C12_R2	3794868	1755181512	2.1201490413146513	1717969048	13930012	11517163
Sample_PRO1747_PlateG_C1_R1	3387067	1793747322	1.438386760696722	1767946298	14358921	7028268
Sample_PRO1747_PlateG_C1_R2	3470903	1809224046	1.706414474661476	1778351185	14358921	12187983
Sample_PRO1747_PlateG_C2_R1	2341539	1211452134	1.1778175628687282	1197183438	9696752	6351551
Sample_PRO1747_PlateG_C2_R2	2456587	1221790752	1.4448175328798036	1204138105	9696752	9597009
Sample_PRO1747_PlateG_C3_R1	2404618	1215868734	1.3003172594123142	1200058583	9735730	4667488
Sample_PRO1747_PlateG_C3_R2	2506038	1226701980	1.4764082307913124	1208590851	9735730	6847227
Sample_PRO1747_PlateG_C4_R1	2962163	1519228896	1.4255837324463319	1497571016	12163581	6451378
Sample_PRO1747_PlateG_C4_R2	3052216	1532611206	1.7537775983089088	1505732614	12163581	11633826
Sample_PRO1747_PlateG_C5_R1	3529033	1845959472	1.1310717985253795	1825080345	14778690	6669195
Sample_PRO1747_PlateG_C5_R2	3622118	1862114940	1.5992138487434078	1832335740	14778690	15617477
Sample_PRO1747_PlateG_C6_R1	2245763	1114612080	1.4725445107323796	1098198921	8923048	5856097
Sample_PRO1747_PlateG_C6_R2	2339929	1124304048	1.8402065737292443	1103614531	8923048	9959762
Sample_PRO1747_PlateG_C7_R1	3513201	1913820924	1.1359148459179453	1892081548	15328637	6642906
Sample_PRO1747_PlateG_C7_R2	3601067	1931408262	1.453750382683203	1903330407	15328637	13016012
Sample_PRO1747_PlateG_C8_R1	2353171	1372499016	1.0350695945416983	1358292696	10990065	6271960
Sample_PRO1747_PlateG_C8_R2	2472289	1384748190	1.227301261177312	1367753158	10990065	8960672
Sample_PRO1747_PlateG_C9_R1	2921392	1494392784	1.3257194635918423	1474581328	11965943	7580496
Sample_PRO1747_PlateG_C9_R2	3070732	1507708818	1.5067981780550945	1484990689	11965943	10301586
Sample_PRO1747_PlateG_D10_R1	1555203	790812732	1.4511487404833538	779336863	6329826	3289688
Sample_PRO1747_PlateG_D10_R2	1609033	797558076	1.8050491159467614	783161761	6329826	6235263
Sample_PRO1747_PlateG_D11_R1	3307928	1641963600	1.6104337513937579	1615520864	13147612	8160124
Sample_PRO1747_PlateG_D11_R2	3448845	1656599112	1.8490313545453596	1625968075	13147612	12097309
Sample_PRO1747_PlateG_D12_R1	3302288	1692663480	1.5679448581238369	1666123450	13552019	5765249
Sample_PRO1747_PlateG_D12_R2	3386785	1707554394	1.843639014406706	1676073255	13552019	10645640
Sample_PRO1747_PlateG_D1_R1	2356746	1246587792	1.1890069913343095	1231765776	9976302	6482928
Sample_PRO1747_PlateG_D1_R2	2479282	1257014052	1.3459481994716793	1240095294	9976302	8461472
Sample_PRO1747_PlateG_D2_R1	2448923	1248169122	1.605833107606711	1228125609	9992207	6833160
Sample_PRO1747_PlateG_D2_R2	2555210	1259018082	1.7125703203363523	1237456512	9992207	8244087
Sample_PRO1747_PlateG_D3_R1	3822542	1938065226	1.4358504361297488	1910237508	15519307	6897659
Sample_PRO1747_PlateG_D3_R2	3954797	1955432682	1.751583847160022	1921181639	15519307	13207427
Sample_PRO1747_PlateG_D4_R1	3134114	1570921254	1.3223674927756754	1550147902	12578687	5412693
Sample_PRO1747_PlateG_D4_R2	3234487	1584914562	1.6154690993368512	1559310757	12578687	10162668
Sample_PRO1747_PlateG_D5_R1	2558706	1303383780	1.0711032478860525	1289423194	10428037	5931688
Sample_PRO1747_PlateG_D5_R2	2622366	1313932662	1.2256622021623813	1297828286	10428037	7992148
Sample_PRO1747_PlateG_D6_R1	2561741	1408911486	1.405350953324544	1389111335	11277491	10427770
Sample_PRO1747_PlateG_D6_R2	2774270	1420963866	1.4897297888080145	1399795344	11277491	11435370
Sample_PRO1747_PlateG_D7_R1	3141000	1608930198	1.1165751641886954	1590965283	12884173	7096524
Sample_PRO1747_PlateG_D7_R2	3297939	1623405798	1.2872092748309871	1602509168	12884173	9957127
Sample_PRO1747_PlateG_D8_R1	2655258	1377982596	1.3758870434964476	1359023112	11035030	6745417
Sample_PRO1747_PlateG_D8_R2	2807486	1390413780	1.5795431774273698	1368451594	11035030	9548143
Sample_PRO1747_PlateG_D9_R1	3066458	1613655066	1.576603856427889	1588214118	12922431	5890228
Sample_PRO1747_PlateG_D9_R2	3166343	1628226306	1.8794794610080447	1597624127	12922431	11428565
Sample_PRO1747_PlateG_E10_R1	770838	376458186	1.7389147702050503	369911899	3012644	2406782
Sample_PRO1747_PlateG_E10_R2	818446	379593144	1.983850108736421	372062585	3012644	3324252
Sample_PRO1747_PlateG_E11_R1	2701719	1306412952	1.6194101541638726	1285256768	10461906	7473415
Sample_PRO1747_PlateG_E11_R2	2860204	1318200156	1.7677380702722356	1294897830	10461906	9280297
Sample_PRO1747_PlateG_E12_R1	1709764	890198370	1.2889915761135353	878723788	7121413	6470741
Sample_PRO1747_PlateG_E12_R2	1803267	897298038	1.2131363871320533	886412589	7121413	5675523
Sample_PRO1747_PlateG_E1_R1	4405005	2064951552	1.3732083434372024	2036595465	16530871	7104153
Sample_PRO1747_PlateG_E1_R2	4550105	2082889746	1.6826413912356935	2047842181	16530871	13912280
Sample_PRO1747_PlateG_E2_R1	3747656	1848628620	1.4379706509141896	1822045883	14801884	6929218
Sample_PRO1747_PlateG_E2_R2	3890300	1865037384	1.7932391214738246	1831592804	14801884	13813164
Sample_PRO1747_PlateG_E3_R1	3570468	2048837112	1.0421729416623335	2027484686	16405165	8794352
Sample_PRO1747_PlateG_E3_R2	3725411	2067050790	1.1743994931058273	2042775356	16405165	11512256
Sample_PRO1747_PlateG_E4_R1	2350072	1241690256	1.3138548781524786	1225376248	9940415	6056630
Sample_PRO1747_PlateG_E4_R2	2476302	1252492290	1.482723698043682	1233921290	9940415	8084193
Sample_PRO1747_PlateG_E5_R1	3043817	1587252912	1.4694208984383959	1563929486	12703332	9320717
Sample_PRO1747_PlateG_E5_R2	3221877	1600619832	1.7846682534419578	1572054078	12703332	14320277
Sample_PRO1747_PlateG_E6_R1	4433005	2156668110	1.2230195679018965	2130291637	17269976	5972688
Sample_PRO1747_PlateG_E6_R2	4564383	2176016976	1.7602281793963357	2137714112	17269976	17992626
Sample_PRO1747_PlateG_E7_R1	2181749	1147367712	1.2814818515652984	1132664403	9189093	5743339
Sample_PRO1747_PlateG_E7_R2	2293868	1157825718	1.4486102475744107	1141053336	9189093	7730909
Sample_PRO1747_PlateG_E8_R1	3194173	1643477094	1.264449627917966	1622696154	13160222	7782913
Sample_PRO1747_PlateG_E8_R2	3357897	1658187972	1.5088147075282248	1633168988	13160222	11901264
Sample_PRO1747_PlateG_E9_R1	3402192	1645316370	1.6667874033247476	1617892444	13176032	7655029
Sample_PRO1747_PlateG_E9_R2	3573351	1660180032	1.872911274721319	1629086333	13176032	11401273
Sample_PRO1747_PlateG_F10_R1	1165941	632007114	1.4922702278316442	622575860	5056714	3508825
Sample_PRO1747_PlateG_F10_R2	1261473	637145964	1.5976237118563934	626966769	5056714	4124150
Sample_PRO1747_PlateG_F11_R1	2856979	1618116780	0.9933896736427145	1602042575	12956540	6896068
Sample_PRO1747_PlateG_F11_R2	3002442	1632524040	1.1364584254453	1613971083	12956540	9175666
Sample_PRO1747_PlateG_F12_R1	1927298	978244458	1.4047498953477333	964502570	7827969	4913259
Sample_PRO1747_PlateG_F12_R2	2026534	986324094	1.4801224150162553	971725290	7827969	5557724
Sample_PRO1747_PlateG_F1_R1	3118871	1689638460	1.3389031757716974	1667015837	13526667	6432882
Sample_PRO1747_PlateG_F1_R2	3251894	1704360042	1.5928902538774727	1677211457	13526667	10848184
Sample_PRO1747_PlateG_F2_R1	2685900	1398244956	1.3268182316975938	1379692787	11192139	8123978
Sample_PRO1747_PlateG_F2_R2	2806340	1410209514	1.442977358894772	1389860510	11192139	9671054
Sample_PRO1747_PlateG_F3_R1	2765029	1456187220	1.3445686606149447	1436607783	11657032	7486991
Sample_PRO1747_PlateG_F3_R2	2896691	1468786032	1.5451662465156124	1446090846	11657032	10576325
Sample_PRO1747_PlateG_F4_R1	2509221	1300793508	1.2607417625580586	1284393861	10408514	5670758
Sample_PRO1747_PlateG_F4_R2	2547762	1311472764	1.4432534566916864	1292544888	10408514	8169780
Sample_PRO1747_PlateG_F5_R1	3894599	1985999046	0.8628357619060004	1968863136	15904070	6202309
Sample_PRO1747_PlateG_F5_R2	4001269	2003912820	1.2266818573474667	1979331185	15904070	13603002
Sample_PRO1747_PlateG_F6_R1	2282617	1216585464	1.3946129147569695	1199618806	9738569	4996359
Sample_PRO1747_PlateG_F6_R2	2354748	1227059694	1.7139024370887699	1206029088	9738569	9046755
Sample_PRO1747_PlateG_F7_R1	1895516	957174522	1.683538333879723	941060122	7664011	5173971
Sample_PRO1747_PlateG_F7_R2	1986358	965665386	1.8045842020063874	948239141	7664011	6375057
Sample_PRO1747_PlateG_F8_R1	2365517	1166303478	1.3612812016324967	1150426808	9341692	6295880
Sample_PRO1747_PlateG_F8_R2	2481533	1177053192	1.7336730522200563	1156646938	9341692	10779063
Sample_PRO1747_PlateG_F9_R1	3290869	1699014030	1.3627874514962068	1675860080	13606603	8218466
Sample_PRO1747_PlateG_F9_R2	3451391	1714431978	1.6600628292760415	1685971330	13606603	13378799
Sample_PRO1747_PlateG_G10_R1	2747025	1443317220	1.4207047290684995	1422811944	11555597	7386857
Sample_PRO1747_PlateG_G10_R2	2856173	1456005222	1.5667259056025555	1433193611	11555597	9501462
Sample_PRO1747_PlateG_G11_R1	2430762	1327204056	1.223214766908458	1310969500	10628193	7595234
Sample_PRO1747_PlateG_G11_R2	2559855	1339152318	1.2859031619135053	1321932116	10628193	8346675
Sample_PRO1747_PlateG_G12_R1	3246076	1663276284	1.648373169493229	1635859284	13316116	6105964
Sample_PRO1747_PlateG_G12_R2	3320631	1677830616	1.9144536220574007	1645709327	13316116	10928443
Sample_PRO1747_PlateG_G1_R1	3296434	1483946676	1.978117709668969	1454592464	11879545	4923777
Sample_PRO1747_PlateG_G1_R2	3401310	1496822670	2.258255949584195	1463020583	11879545	9508463
Sample_PRO1747_PlateG_G2_R1	3594885	1767376614	1.7525087044067904	1736403185	14152435	4436616
Sample_PRO1747_PlateG_G2_R2	3677197	1783206810	2.155212327839865	1744774917	14152435	12240502
Sample_PRO1747_PlateG_G3_R1	3115963	1723112592	1.1312914252094328	1703619167	13794193	8832367
Sample_PRO1747_PlateG_G3_R2	3279708	1738068318	1.27820930684498	1715852167	13794193	11389445
Sample_PRO1747_PlateG_G4_R1	1643627	881024634	1.3554955831121516	869082384	7046068	3676794
Sample_PRO1747_PlateG_G4_R2	1732398	887804568	1.7275982297040848	872466872	7046068	7036220
Sample_PRO1747_PlateG_G5_R1	2397102	1150182354	1.4297824986454277	1133737248	9203104	6225048
Sample_PRO1747_PlateG_G5_R2	2510982	1159591104	1.8533563189529263	1138099749	9203104	11216376
Sample_PRO1747_PlateG_G6_R1	3521923	1593553266	1.72320810266533	1566093027	12758330	4489141
Sample_PRO1747_PlateG_G6_R2	3620970	1607549580	2.0776552347455435	1574150242	12758330	10478764
Sample_PRO1747_PlateG_G7_R1	2323579	1234969350	1.4217086440242424	1217411684	9888580	7035364
Sample_PRO1747_PlateG_G7_R2	2479754	1245961080	1.50091831118834	1227260222	9888580	8027081
Sample_PRO1747_PlateG_G8_R1	3170333	1626280320	0.9214419442768635	1611295091	13025525	5618827
Sample_PRO1747_PlateG_G8_R2	3306758	1641216150	1.2806755526991371	1620197496	13025525	11583012
Sample_PRO1747_PlateG_G9_R1	3362214	1635491322	1.2607644395682094	1614871629	13099690	5486227
Sample_PRO1747_PlateG_G9_R2	3491944	1650560940	1.6470066836793071	1623376091	13099690	12056271
Sample_PRO1747_PlateG_H10_R1	3059126	1592545254	1.0955552412829581	1575098041	12749016	5944613
Sample_PRO1747_PlateG_H10_R2	3160243	1606376016	1.4949108279017034	1582362127	12749016	12525682
Sample_PRO1747_PlateG_H11_R1	3352279	1803741528	1.1610374144471103	1782799414	14443794	5877361
Sample_PRO1747_PlateG_H11_R2	3452269	1819918044	1.5444768566732228	1791809831	14443794	12977136
Sample_PRO1747_PlateG_H12_R1	2967138	1401655080	1.7231634476008177	1377502272	11220679	5624596
Sample_PRO1747_PlateG_H12_R2	3052890	1413805554	2.4083853613153936	1379755668	11220679	15727807
Sample_PRO1747_PlateG_H1_R1	2861189	1472109342	1.6944055233092867	1447165840	11785988	4155530
Sample_PRO1747_PlateG_H1_R2	2944347	1485034488	1.9453663354921356	1456145127	11785988	8215076
Sample_PRO1747_PlateG_H2_R1	3064832	1496761266	1.3483406110537337	1476579826	11985458	5896499
Sample_PRO1747_PlateG_H2_R2	3191378	1510167708	1.6347600911620075	1485480089	11985458	10296933
Sample_PRO1747_PlateG_H3_R1	3030655	1566981924	1.2683136094682863	1547107679	12545550	6738399
Sample_PRO1747_PlateG_H3_R2	3161427	1580739300	1.4778305948362265	1557378651	12545550	10140057
Sample_PRO1747_PlateG_H4_R1	1643833	891289428	1.2056181373218309	880543881	7129899	4984704
Sample_PRO1747_PlateG_H4_R2	1706549	898367274	1.400794125543803	885782998	7129899	6749289
Sample_PRO1747_PlateG_H5_R1	2418753	1170279054	1.5218812931090877	1152468796	9366450	5476069
Sample_PRO1747_PlateG_H5_R2	2510290	1180172700	1.8372916946816344	1158489485	9366450	9269594
Sample_PRO1747_PlateG_H6_R1	1647632	887085690	1.1075022526854197	877261196	7095003	4143032
Sample_PRO1747_PlateG_H6_R2	1720135	893970378	1.3300570458051575	882080062	7095003	6145014
Sample_PRO1747_PlateG_H7_R1	2687660	1332655878	1.7348083163596717	1309536853	10670059	6792892
Sample_PRO1747_PlateG_H7_R2	2831387	1344427434	1.9883918851956421	1317694948	10670059	10533382
Sample_PRO1747_PlateG_H8_R1	2182225	1129822674	1.5967578289192663	1111782142	9047569	6782359
Sample_PRO1747_PlateG_H8_R2	2328707	1139993694	1.7649540612283423	1119873329	9047569	8588603
Sample_PRO1747_PlateG_H9_R1	3025862	1531034646	1.127031647852076	1513779401	12259669	4585062
Sample_PRO1747_PlateG_H9_R2	3110620	1544718294	1.5105075851454894	1521385207	12259669	10638406
Sample_PRO1747_PlateH_A10_R1	3342541	1651553946	1.9028790477062625	1620126872	13107571	7180586
Sample_PRO1747_PlateH_A10_R2	3494808	1651553946	2.3286805189226314	1613094531	13107571	14229148
Sample_PRO1747_PlateH_A11_R1	4312676	2176812918	1.5113486661144484	2143913685	17276293	5605999
Sample_PRO1747_PlateH_A11_R2	4408260	2176812918	1.916339188134127	2135097799	17276293	14484277
Sample_PRO1747_PlateH_A12_R1	2759031	1318905000	1.717721898089703	1296249880	10467500	5543465
Sample_PRO1747_PlateH_A12_R2	2929497	1318905000	2.0531640262187194	1291825717	10467500	9738870
Sample_PRO1747_PlateH_A1_R1	3040904	1437707754	1.893608135885452	1410483203	11410379	4213290
Sample_PRO1747_PlateH_A1_R2	3175786	1437707754	2.3251260144486916	1404279237	11410379	10350331
Sample_PRO1747_PlateH_A2_R1	3302301	1871970534	0.9668592892499023	1853871213	14856909	4370768
Sample_PRO1747_PlateH_A2_R2	3376835	1871970534	1.3549252266168417	1846606733	14856909	11634982
Sample_PRO1747_PlateH_A3_R1	4079038	1979506494	1.3327905758312708	1953123818	15710369	4250226
Sample_PRO1747_PlateH_A3_R2	4206977	1979506494	1.6972780388362796	1945908765	15710369	11448525
Sample_PRO1747_PlateH_A4_R1	2943306	1607580450	1.1570931333483185	1588979247	12758575	6526873
Sample_PRO1747_PlateH_A4_R2	3101263	1607580450	1.4373946883964657	1584473174	12758575	10920786
Sample_PRO1747_PlateH_A5_R1	3018911	1462125042	1.8313968525819149	1435347730	11604167	5990543
Sample_PRO1747_PlateH_A5_R2	3162833	1462125042	2.21812971314939	1429693212	11604167	11535480
Sample_PRO1747_PlateH_A6_R1	3366049	1689012612	1.431706538376044	1664830908	13404862	4972035
Sample_PRO1747_PlateH_A6_R2	3569549	1689012612	1.862935171498885	1657547402	13404862	12162126
Sample_PRO1747_PlateH_A7_R1	3421492	1647970758	2.1378490382169755	1612739631	13079133	5090172
Sample_PRO1747_PlateH_A7_R2	3514422	1647970758	2.6745427845753076	1603895075	13079133	14086804
Sample_PRO1747_PlateH_A8_R1	2601137	1350290340	1.6020891477309982	1328657485	10716590	6464674
Sample_PRO1747_PlateH_A8_R2	2768443	1350290340	1.8223051940073867	1325683929	10716590	9463283
Sample_PRO1747_PlateH_A9_R1	9716	4871664	1.7677122231746687	4785547	38664	20627
Sample_PRO1747_PlateH_A9_R2	10288	4871664	2.183278649759097	4765302	38664	40445
Sample_PRO1747_PlateH_B10_R1	3245162	1567393632	1.4499759687680036	1544666801	12439632	4271981
Sample_PRO1747_PlateH_B10_R2	3392255	1567393632	1.9175405837045023	1537338223	12439632	11649822
Sample_PRO1747_PlateH_B11_R1	2634540	1315385946	1.854450252732136	1290992768	10439571	5976734
Sample_PRO1747_PlateH_B11_R2	2772153	1315385946	2.1186609211347007	1287517378	10439571	9370657
Sample_PRO1747_PlateH_B12_R1	2737214	1425164328	1.6077846287491415	1402250755	11310828	5963580
Sample_PRO1747_PlateH_B12_R2	2879686	1425164328	1.8028779204751468	1399470355	11310828	8514858
Sample_PRO1747_PlateH_B1_R1	2351725	1192670136	1.4223755997525873	1175705887	9465636	5100931
Sample_PRO1747_PlateH_B1_R2	2480885	1192670136	1.6727896002252212	1172719274	9465636	7931577
Sample_PRO1747_PlateH_B2_R1	2408871	1332862902	1.4214632256303883	1313916746	10578277	4135404
Sample_PRO1747_PlateH_B2_R2	2504641	1332862902	1.7169811663045296	1309977897	10578277	7968590
Sample_PRO1747_PlateH_B3_R1	3425066	1623691188	2.436308350526073	1584133064	12886438	4900715
Sample_PRO1747_PlateH_B3_R2	3504333	1623691188	2.802991131340672	1578179268	12886438	10994362
Sample_PRO1747_PlateH_B4_R1	3691	1795752	2.585212211931269	1749328	14252	8580
Sample_PRO1747_PlateH_B4_R2	3951	1795752	2.906693129118052	1743555	14252	14085
Sample_PRO1747_PlateH_B5_R1	3842531	1907389260	1.4860977564694895	1879043591	15138010	6337631
Sample_PRO1747_PlateH_B5_R2	3988605	1907389260	1.879097138252734	1871547563	15138010	13813874
Sample_PRO1747_PlateH_B6_R1	3044750	1518877710	1.2359118101746323	1500105721	12054585	4597688
Sample_PRO1747_PlateH_B6_R2	3163388	1518877710	1.6580470458019956	1493694003	12054585	11001219
Sample_PRO1747_PlateH_B7_R1	458	190890	3.1326942218031326	184910	1515	625
Sample_PRO1747_PlateH_B7_R2	465	190890	3.586358635863587	184044	1515	1566
Sample_PRO1747_PlateH_B8_R1	3053737	1546824888	1.5102271227484931	1523464319	12276388	4484932
Sample_PRO1747_PlateH_B8_R2	3145224	1546824888	1.967023561363851	1516398478	12276388	11953124
Sample_PRO1747_PlateH_B9_R1	2224330	1179922212	1.4470306454405488	1162848376	9364462	5162847
Sample_PRO1747_PlateH_B9_R2	2357786	1179922212	1.7750120124020514	1158978451	9364462	9002354
Sample_PRO1747_PlateH_C10_R1	2466436	1367825634	1.189424704114004	1351556378	10855759	5806618
Sample_PRO1747_PlateH_C10_R2	2602529	1367825634	1.5071846504084452	1347209976	10855759	10052733
Sample_PRO1747_PlateH_C11_R1	2862018	1388028978	1.873252245602613	1362027694	11016103	4361415
Sample_PRO1747_PlateH_C11_R2	2928994	1388028978	2.3436532317122847	1355498392	11016103	11084179
Sample_PRO1747_PlateH_C12_R1	2466212	1197137088	1.7320036450161336	1176402630	9501088	5305516
Sample_PRO1747_PlateH_C12_R2	2620405	1197137088	1.9785602031235374	1173451010	9501088	7900782
Sample_PRO1747_PlateH_C1_R1	2399781	1346570442	1.4722178938188812	1326745991	10687067	5031112
Sample_PRO1747_PlateH_C1_R2	2493946	1346570442	1.8143419934060903	1322139049	10687067	9589257
Sample_PRO1747_PlateH_C3_R1	3106952	1509375924	1.6140142831640927	1485014381	11979174	5419445
Sample_PRO1747_PlateH_C3_R2	3233203	1509375924	1.8992106965660067	1480709695	11979174	9558164
Sample_PRO1747_PlateH_C4_R1	2564214	1365469182	1.354547011665914	1346973260	10837057	6532803
Sample_PRO1747_PlateH_C4_R2	2719300	1365469182	1.5841637647447102	1343837914	10837057	9435618
Sample_PRO1747_PlateH_C5_R1	1574052	769745592	1.6739787968802033	756860214	6109092	2652609
Sample_PRO1747_PlateH_C5_R2	1639546	769745592	1.969565289826304	754584950	6109092	4849904
Sample_PRO1747_PlateH_C6_R1	3019682	1505378322	1.2221869898827997	1486979784	11947447	3331002
Sample_PRO1747_PlateH_C6_R2	3150491	1505378322	1.7985434361794936	1478303439	11947447	12091798
Sample_PRO1747_PlateH_C7_R1	1135670	519242472	2.290223285124488	507350660	4120972	2352488
Sample_PRO1747_PlateH_C7_R2	1187254	519242472	2.550990089269893	505996648	4120972	3610117
Sample_PRO1747_PlateH_C8_R1	2187712	1102699710	1.928718200170743	1081431740	8751585	5161882
Sample_PRO1747_PlateH_C8_R2	2295806	1102699710	2.2056105374327157	1078378449	8751585	8377563
Sample_PRO1747_PlateH_C9_R1	2808655	1260158634	1.266825427313622	1244194624	10001259	2622650
Sample_PRO1747_PlateH_C9_R2	2974644	1260158634	1.7412867243823527	1238215659	10001259	8557563
Sample_PRO1747_PlateH_D10_R1	2871825	1481283720	1.397611255728916	1460581132	11756220	4832347
Sample_PRO1747_PlateH_D10_R2	2996464	1481283720	1.693471187275318	1456198607	11756220	9122435
Sample_PRO1747_PlateH_D11_R1	3507106	1676637522	1.48711445812436	1651704003	13306647	4306029
Sample_PRO1747_PlateH_D11_R2	3659020	1676637522	1.9462908691840668	1644005279	13306647	12059104
Sample_PRO1747_PlateH_D12_R1	2750580	1477861056	1.3479562181520803	1457940136	11729056	6464245
Sample_PRO1747_PlateH_D12_R2	2917493	1477861056	1.590887851367808	1454349944	11729056	9843928
Sample_PRO1747_PlateH_D1_R1	3397046	1739130246	1.1842053260454881	1718535373	13802621	4370011
Sample_PRO1747_PlateH_D1_R2	3508103	1739130246	1.5620942170653274	1711963393	13802621	10934770
Sample_PRO1747_PlateH_D2_R1	2643339	1313158140	1.4197711175898433	1294514300	10421890	5314219
Sample_PRO1747_PlateH_D2_R2	2777106	1313158140	1.7137787380276985	1290653515	10421890	9038391
Sample_PRO1747_PlateH_D3_R1	3559587	1665359892	1.8447329701873232	1634638449	13217142	3974272
Sample_PRO1747_PlateH_D3_R2	3682294	1665359892	2.195565065283799	1628795832	13217142	9787500
Sample_PRO1747_PlateH_D4_R1	3310282	1710213498	1.2996787843151498	1687986216	13573123	4320816
Sample_PRO1747_PlateH_D4_R2	3375306	1710213498	1.6918922715694764	1681278528	13573123	11130779
Sample_PRO1747_PlateH_D5_R1	23	13104	0.9844322344322344	12975	104	50
Sample_PRO1747_PlateH_D5_R2	22	13104	1.907814407814408	12854	104	168
Sample_PRO1747_PlateH_D6_R1	2504822	1284756606	1.2323208867781452	1268924282	10196481	4790604
Sample_PRO1747_PlateH_D6_R2	2636964	1284756606	1.5066656135177716	1265399620	10196481	8170013
Sample_PRO1747_PlateH_D7_R1	3200072	1553387220	2.6771336511961263	1511800968	12328470	7108680
Sample_PRO1747_PlateH_D7_R2	3315155	1553387220	2.95519188061815	1507481647	12328470	11373706
Sample_PRO1747_PlateH_D8_R1	2887085	1413984096	1.7741528402593858	1388897857	11222096	5477534
Sample_PRO1747_PlateH_D8_R2	3025474	1413984096	2.1261128102532774	1383921199	11222096	10514895
Sample_PRO1747_PlateH_D9_R1	2891407	1467724986	1.8649020941311414	1440353352	11648611	4908391
Sample_PRO1747_PlateH_D9_R2	3044463	1467724986	2.2916368066789863	1434090060	11648611	11451799
Sample_PRO1747_PlateH_E10_R1	3717231	1695551256	2.1055576983394952	1659850446	13456756	3883656
Sample_PRO1747_PlateH_E10_R2	3772635	1695551256	2.561771214305302	1652115112	13456756	11909809
Sample_PRO1747_PlateH_E11_R1	3407295	1721664882	1.3929864197578492	1697682324	13664007	4581525
Sample_PRO1747_PlateH_E11_R2	3505066	1721664882	1.8064251251887937	1690564295	13664007	11732060
Sample_PRO1747_PlateH_E12_R1	3341149	1565283006	1.725799928604093	1538269353	12422881	3782716
Sample_PRO1747_PlateH_E12_R2	3443523	1565283006	2.1521667245392684	1531595506	12422881	10595560
Sample_PRO1747_PlateH_E1_R1	2901442	1469038032	1.4681771696976733	1447469951	11659032	4018873
Sample_PRO1747_PlateH_E1_R2	2983785	1469038032	1.8656067714385764	1441631559	11659032	9941080
Sample_PRO1747_PlateH_E2_R1	2564111	1234402848	1.328657903420521	1218001857	9796848	4713556
Sample_PRO1747_PlateH_E2_R2	2693152	1234402848	1.6681561480000735	1213811081	9796848	8963843
Sample_PRO1747_PlateH_E3_R1	3017637	1485010926	1.8570631041942918	1457433336	11785801	6628840
Sample_PRO1747_PlateH_E3_R2	3175274	1485010926	2.1412453904059694	1453213198	11785801	11012645
Sample_PRO1747_PlateH_E4_R1	2564185	1380732444	1.1080357433825898	1365433435	10958194	4777069
Sample_PRO1747_PlateH_E4_R2	2668670	1380732444	1.3940971752815565	1361483692	10958194	8657441
Sample_PRO1747_PlateH_E5_R1	3108894	1553155002	1.6909198995709764	1526892395	12326627	4587750
Sample_PRO1747_PlateH_E5_R2	3191558	1553155002	2.032032537599876	1521594387	12326627	10257625
Sample_PRO1747_PlateH_E6_R1	2907562	1497560652	1.345322005695967	1477413639	11885402	5827661
Sample_PRO1747_PlateH_E6_R2	3038217	1497560652	1.7448847874777094	1471429944	11885402	11786684
Sample_PRO1747_PlateH_E7_R1	2693293	1378696284	1.3659210675003168	1359864381	10942034	5493047
Sample_PRO1747_PlateH_E7_R2	2817969	1378696284	1.6805021721520794	1355527263	10942034	9851316
Sample_PRO1747_PlateH_E8_R1	2861278	1427246604	1.4838302603521207	1406068687	11327354	3782789
Sample_PRO1747_PlateH_E8_R2	3010690	1427246604	1.9755780059995856	1399050234	11327354	11085281
Sample_PRO1747_PlateH_E9_R1	2697928	1359910188	1.3257560800037185	1341881096	10792938	5158341
Sample_PRO1747_PlateH_E9_R2	2853329	1359910188	1.6330243126320338	1337702524	10792938	9251299
Sample_PRO1747_PlateH_F10_R1	2557297	1256514966	1.67399955982697	1235480911	9972341	4488995
Sample_PRO1747_PlateH_F10_R2	2710952	1256514966	2.0400143805370323	1230881880	9972341	8898399
Sample_PRO1747_PlateH_F11_R1	2953067	1520895726	1.5695751912448992	1497024124	12070601	4879162
Sample_PRO1747_PlateH_F11_R2	3086982	1520895726	1.9157448141845852	1491759245	12070601	9981606
Sample_PRO1747_PlateH_F12_R1	3988522	1869617610	0.9347656390549295	1852141067	14838235	1660221
Sample_PRO1747_PlateH_F12_R2	4095576	1869617610	1.3669517158645077	1844060840	14838235	9779517
Sample_PRO1747_PlateH_F1_R1	2056698	914637528	2.754334939119183	889445347	7259028	3693739
Sample_PRO1747_PlateH_F1_R2	2151462	914637528	3.0847206829239133	886423515	7259028	6967779
Sample_PRO1747_PlateH_F2_R1	1967007	875941668	1.4991676363545248	862809834	6951918	5754239
Sample_PRO1747_PlateH_F2_R2	2146416	875941668	1.9640280430180426	858737928	6951918	9630905
Sample_PRO1747_PlateH_F3_R1	2855021	1468884060	1.7091615113584935	1443778459	11657810	4352287
Sample_PRO1747_PlateH_F3_R2	2936836	1468884060	2.0311552703485667	1439048744	11657810	9073956
Sample_PRO1747_PlateH_F4_R1	2866497	1473091578	1.429485533315567	1452033947	11691203	5073139
Sample_PRO1747_PlateH_F4_R2	2974429	1473091578	1.850726418313689	1445828683	11691203	11231354
Sample_PRO1747_PlateH_F5_R1	3350428	1590854076	2.249546551119375	1555067073	12625826	6221442
Sample_PRO1747_PlateH_F5_R2	3443482	1590854076	2.540790233987495	1550433811	12625826	10864007
Sample_PRO1747_PlateH_F6_R1	2540373	1406361474	1.876229794958106	1379974901	11161599	6656788
Sample_PRO1747_PlateH_F6_R2	2654574	1406361474	2.082235438141702	1377077717	11161599	9376481
Sample_PRO1747_PlateH_F7_R1	3480937	1672444368	1.8019997302535087	1642306925	13273368	7233955
Sample_PRO1747_PlateH_F7_R2	3684451	1672444368	2.152664249337829	1636442256	13273368	12889277
Sample_PRO1747_PlateH_F8_R1	2781004	1404344844	1.3080347094577292	1385975526	11145594	4567215
Sample_PRO1747_PlateH_F8_R2	2905157	1404344844	1.6554542211855765	1381096558	11145594	9535330
Sample_PRO1747_PlateH_F9_R1	3055691	1529572590	1.3606638309333197	1508760249	12139465	5709819
Sample_PRO1747_PlateH_F9_R2	3196964	1529572590	1.6771046479069032	1503920057	12139465	10520721
Sample_PRO1747_PlateH_G10_R1	2850723	1287137250	2.442161004974411	1255703286	10215375	5798658
Sample_PRO1747_PlateH_G10_R2	2982191	1287137250	2.7814740036464642	1251335862	10215375	10121392
Sample_PRO1747_PlateH_G11_R1	2730607	1369548054	1.7654145051269592	1345369854	10869429	6254208
Sample_PRO1747_PlateH_G11_R2	2900380	1369548054	2.099509609467124	1340794261	10869429	10613841
Sample_PRO1747_PlateH_G12_R1	2518297	1185296490	0.9848166343595601	1173623493	9407115	2248930
Sample_PRO1747_PlateH_G12_R2	2610322	1185296490	1.3381073118675986	1169435951	9407115	6360099
Sample_PRO1747_PlateH_G1_R1	191	68040	5.044091710758377	64608	540	107
Sample_PRO1747_PlateH_G1_R2	182	68040	5.515873015873016	64287	540	495
Sample_PRO1747_PlateH_G2_R1	3087742	1409275350	2.5199702102218704	1373762031	11184725	6637701
Sample_PRO1747_PlateH_G2_R2	3235066	1409275350	2.745180138146885	1370588203	11184725	9393562
Sample_PRO1747_PlateH_G3_R1	1942944	954325260	2.2071939078716203	933261451	7574010	3710310
Sample_PRO1747_PlateH_G3_R2	2020054	954325260	2.5457274388817916	930030740	7574010	6848678
Sample_PRO1747_PlateH_G4_R1	2698419	1394573544	1.4704534650199848	1374066989	11068044	5020234
Sample_PRO1747_PlateH_G4_R2	2794634	1394573544	1.7905932682744194	1369602404	11068044	9428659
Sample_PRO1747_PlateH_G5_R1	2053978	982084446	2.2342042061014373	960142674	7794321	6775845
Sample_PRO1747_PlateH_G5_R2	2202344	982084446	2.3590507002083196	958916576	7794321	7466986
Sample_PRO1747_PlateH_G6_R1	1567952	715559670	2.990351594298209	694161920	5679045	2631413
Sample_PRO1747_PlateH_G6_R2	1624687	715559670	3.373018772843919	691423708	5679045	5353278
Sample_PRO1747_PlateH_G7_R1	2788770	1516489002	1.5118608159876388	1493561799	12035627	6492229
Sample_PRO1747_PlateH_G7_R2	2961968	1516489002	1.8938985355068205	1487768239	12035627	12409652
Sample_PRO1747_PlateH_G8_R1	2093895	1106793324	1.40115743957993	1091285407	8784074	5106054
Sample_PRO1747_PlateH_G8_R2	2212794	1106793324	1.6543543950758417	1088483040	8784074	7836261
Sample_PRO1747_PlateH_G9_R1	1762908	871519320	2.0693382907449487	853484637	6916820	2783261
Sample_PRO1747_PlateH_G9_R2	1840183	871519320	2.5589430421347403	849217637	6916820	7266266
Sample_PRO1747_PlateH_H10_R1	3469880	1714028778	1.5962012045050975	1686669430	13603403	4256933
Sample_PRO1747_PlateH_H10_R2	3550237	1714028778	1.9878998204311362	1679955603	13603403	11009168
Sample_PRO1747_PlateH_H11_R1	3238958	1600965828	1.7633708044391814	1572734864	12706078	3923511
Sample_PRO1747_PlateH_H11_R2	3341145	1600965828	2.104132606133302	1567279384	12706078	9393493
Sample_PRO1747_PlateH_H1_R1	2534675	1263993318	1.7048453257725211	1242444187	10031693	4186238
Sample_PRO1747_PlateH_H1_R2	2645580	1263993318	2.029267926873645	1238343507	10031693	8224883
Sample_PRO1747_PlateH_H2_R1	3095670	1575745290	1.4008654279398163	1553671219	12505915	4683724
Sample_PRO1747_PlateH_H2_R2	3228455	1575745290	1.736001571675331	1548390327	12505915	9851070
Sample_PRO1747_PlateH_H3_R1	2352484	1056888252	2.57998335665103	1029620711	8388002	4461399
Sample_PRO1747_PlateH_H3_R2	2457213	1056888252	2.8165992898178227	1027119945	8388002	6663151
Sample_PRO1747_PlateH_H4_R1	2697727	1200984246	2.57698542700118	1170035057	9531621	3482817
Sample_PRO1747_PlateH_H4_R2	2790965	1200984246	3.1374736284425833	1163303682	9531621	10532096
Sample_PRO1747_PlateH_H5_R1	2563771	1231328700	2.5345453248998417	1200120116	9772450	5006125
Sample_PRO1747_PlateH_H5_R2	2636264	1231328700	2.873370286910392	1195948067	9772450	9130403
Sample_PRO1747_PlateH_H6_R1	2332380	1011915450	3.7487531196405786	973981238	8031075	5182180
Sample_PRO1747_PlateH_H6_R2	2429696	1011915450	3.925550104013137	972192202	8031075	6505512
Sample_PRO1747_PlateH_H7_R1	3239636	1363184802	3.7977400367173404	1311414587	10818927	7112400
Sample_PRO1747_PlateH_H7_R2	3394859	1363184802	4.002889330921399	1308618023	10818927	10243261
Sample_PRO1747_PlateH_H8_R1	3537289	1467024426	3.3707061125647546	1417575344	11643051	4800215
Sample_PRO1747_PlateH_H8_R2	3659261	1467024426	3.7390177714736974	1412172122	11643051	10184509
Sample_PRO1747_PlateH_H9_R1	2662097	1426063842	1.2617010171694685	1408071180	11317967	6503458
Sample_PRO1747_PlateH_H9_R2	2823771	1426063842	1.5200672902272492	1404386712	11317967	10041581
