Sample	percent_trimmed	bp_processed	r_processed	r_with_adapters	bp_written	quality_trimmed
Sample_IPO3916_A10_R1	2.9504791257253853	1208810484	9593734	2618666	1173144783	12518639
Sample_IPO3916_A10_R2	4.298914981945177	1208810484	9593734	2673042	1156844749	29620057
Sample_IPO3916_A11_R1	5.86944957583748	500429412	3971662	1296010	471056960	6764974
Sample_IPO3916_A11_R2	6.48956900239109	500429412	3971662	1318892	467953700	10442061
Sample_IPO3916_A12_R1	3.964294535079662	793522674	6297799	1821613	762065098	11685763
Sample_IPO3916_A12_R2	4.601758613390296	793522674	6297799	1873367	757006676	17186071
Sample_IPO3916_A1_R1	10.674972842352288	1824178608	14477608	6248268	1629448037	26798582
Sample_IPO3916_A1_R2	11.115225236760368	1824178608	14477608	6313141	1621417047	40016741
Sample_IPO3916_A2_R1	6.660953220173546	911225826	7231951	2513726	850529500	15408434
Sample_IPO3916_A2_R2	7.043570119357	911225826	7231951	2544210	847042996	20056864
Sample_IPO3916_A3_R1	8.461291315141821	463948002	3682127	1433963	424692010	6896312
Sample_IPO3916_A3_R2	8.832824114629984	463948002	3682127	1452467	422968291	9505369
Sample_IPO3916_A4_R1	3.4577423141115475	493449264	3916264	1155820	476387060	4697082
Sample_IPO3916_A4_R2	4.365867288029839	493449264	3916264	1202126	471905924	9503534
Sample_IPO3916_A5_R1	4.557818866631528	1028877570	8165695	2372885	981983194	13662912
Sample_IPO3916_A5_R2	5.4270441525904785	1028877570	8165695	2429237	973039930	23883696
Sample_IPO3916_A6_R1	7.635301644301571	932491476	7400726	2812091	861292939	13085789
Sample_IPO3916_A6_R2	8.440809168318875	932491476	7400726	2867535	853781650	22827370
Sample_IPO3916_A7_R1	6.802182035947306	1078691670	8561045	2967891	1005317099	15271283
Sample_IPO3916_A7_R2	7.384764916187773	1078691670	8561045	3025694	999032826	23134258
Sample_IPO3916_A8_R1	5.238552206965583	1123358796	8915546	2998201	1064511059	11998787
Sample_IPO3916_A8_R2	6.15907600014911	1123358796	8915546	3054197	1054170274	23963612
Sample_IPO3916_A9_R1	5.186559066568701	1441774152	11442652	3846493	1366995684	16786921
Sample_IPO3916_A9_R2	5.835454039961177	1441774152	11442652	3929361	1357640084	27674406
Sample_IPO3916_B10_R1	6.250303566580939	1505271096	11946596	4245481	1411187083	17936064
Sample_IPO3916_B10_R2	6.921346080241217	1505271096	11946596	4307295	1401086074	30351282
Sample_IPO3916_B11_R1	4.922215152064665	1013357898	8042523	2460060	963478242	14119738
Sample_IPO3916_B11_R2	5.537344418072518	1013357898	8042523	2506419	957244781	21249524
Sample_IPO3916_B12_R1	5.0489918645810015	1657424160	13154160	4351319	1573740949	17366946
Sample_IPO3916_B12_R2	5.625723773689892	1657424160	13154160	4440802	1564182055	28618946
Sample_IPO3916_B1_R1	5.669477452279685	1966504302	15607177	5379165	1855013784	17338822
Sample_IPO3916_B1_R2	6.595584249070206	1966504302	15607177	5463504	1836801854	38721306
Sample_IPO3916_B2_R1	4.955377520493522	966899430	7673805	2421905	918985913	11976920
Sample_IPO3916_B2_R2	6.183580333685789	966899430	7673805	2466356	907110427	25681077
Sample_IPO3916_B3_R1	11.065185876079687	1191730428	9458178	4236537	1059863241	18121273
Sample_IPO3916_B3_R2	11.538631369073341	1191730428	9458178	4279012	1054221047	27101607
Sample_IPO3916_B4_R1	6.742677933044898	539162442	4279067	1576435	502808455	6166249
Sample_IPO3916_B4_R2	7.686762053800476	539162442	4279067	1600670	497718308	12516379
Sample_IPO3916_B5_R1	5.24065234997906	496982556	3944306	1342759	470937428	5214879
Sample_IPO3916_B5_R2	6.135826425263908	496982556	3944306	1366855	466488569	10418413
Sample_IPO3916_B6_R1	7.248196807783779	470151486	3731361	1347371	436073981	7268167
Sample_IPO3916_B6_R2	7.734584295241385	470151486	3731361	1361877	433787223	10334255
Sample_IPO3916_B7_R1	6.680075792787203	802347588	6367838	2185559	748750161	12511901
Sample_IPO3916_B7_R2	6.9938000486641965	802347588	6367838	2220859	746233002	15883451
Sample_IPO3916_B8_R1	3.614441019588025	582424416	4622416	1365378	561373029	7286700
Sample_IPO3916_B8_R2	3.9307819815026437	582424416	4622416	1403516	559530582	9332966
Sample_IPO3916_B9_R1	1.8887530732203037	1139323626	9042251	2498128	1117804616	9036582
Sample_IPO3916_B9_R2	2.6798412060665897	1139323626	9042251	2572658	1108791562	18228005
Sample_IPO3916_C10_R1	6.018512483079634	1012077738	8032363	2819002	951165713	12393562
Sample_IPO3916_C10_R2	6.848163969791815	1012077738	8032363	2870377	942768995	22277600
Sample_IPO3916_C11_R1	5.728663228682542	1761488064	13980064	4604152	1660578345	22007271
Sample_IPO3916_C11_R2	6.372090069410769	1761488064	13980064	4675367	1649244458	35733691
Sample_IPO3916_C12_R1	5.759277158540808	955159380	7580630	2507290	900149104	11388264
Sample_IPO3916_C12_R2	6.6517561707869115	955159380	7580630	2567029	891624507	21273661
Sample_IPO3916_C1_R1	10.904008684736867	689227560	5470060	2441976	614074127	10102891
Sample_IPO3916_C1_R2	11.162310166470998	689227560	5470060	2458401	612293842	13338802
Sample_IPO3916_C2_R1	8.755464797946305	1696051728	13460728	5545475	1547554516	21385836
Sample_IPO3916_C2_R2	9.678797603276873	1696051728	13460728	5617221	1531894314	42080314
Sample_IPO3916_C3_R1	10.578820443350825	885499650	7027775	3092290	791824232	11761572
Sample_IPO3916_C3_R2	11.117598408988643	885499650	7027775	3117520	787053355	19169133
Sample_IPO3916_C4_R1	2.7967511102681293	601578558	4774433	1376922	584753903	4029174
Sample_IPO3916_C4_R2	4.619166296814721	601578558	4774433	1405954	573790644	15588279
Sample_IPO3916_C5_R1	4.378764110345045	642540276	5099526	1655374	614404953	7672252
Sample_IPO3916_C5_R2	5.522667344824934	642540276	5099526	1692296	607054914	15725077
Sample_IPO3916_C6_R1	5.999669579775455	1101276414	8740289	2825122	1035203468	18541049
Sample_IPO3916_C6_R2	6.515955312196489	1101276414	8740289	2885215	1029517735	25545777
Sample_IPO3916_C7_R1	7.802349841571964	688728474	5466099	2029092	634991469	10495274
Sample_IPO3916_C7_R2	8.203422703269853	688728474	5466099	2061464	632229166	14314026
Sample_IPO3916_C8_R1	6.2024397093111565	570868830	4530705	1586856	535461035	6649888
Sample_IPO3916_C8_R2	7.156478485609383	570868830	4530705	1614067	530014725	13097316
Sample_IPO3916_C9_R1	5.438485102723651	740291832	5875332	1882036	700031171	10467598
Sample_IPO3916_C9_R2	5.973391450305776	740291832	5875332	1915284	696071303	15198324
Sample_IPO3916_D10_R1	4.7589595093384185	1015057260	8056010	2568694	966751096	13877853
Sample_IPO3916_D10_R2	5.345681681051175	1015057260	8056010	2618672	960795530	20635786
Sample_IPO3916_D11_R1	7.39980590582762	424218816	3366816	1224271	392827447	5722183
Sample_IPO3916_D11_R2	8.567531808867242	424218816	3366816	1236158	387873734	11674559
Sample_IPO3916_D12_R1	5.425860623741815	1392107598	11048473	3722912	1316573780	15034521
Sample_IPO3916_D12_R2	6.210742770473694	1392107598	11048473	3770035	1305647376	27654277
Sample_IPO3916_D1_R1	11.639078563417847	1884161790	14953665	6992517	1664862719	26514966
Sample_IPO3916_D1_R2	12.14709549969167	1884161790	14953665	7045282	1655290858	42264507
Sample_IPO3916_D2_R1	12.49600355909407	3363561558	26694933	13482929	2943250786	47181148
Sample_IPO3916_D2_R2	13.280604273097119	3363561558	26694933	13511406	2916860258	87530624
Sample_IPO3916_D3_R1	9.711377987675203	478069704	3794204	1612920	431642548	6601316
Sample_IPO3916_D3_R2	10.532336096327912	478069704	3794204	1626044	427717796	12068367
Sample_IPO3916_D4_R1	9.350794448806893	1126798344	8942844	3563140	1021433747	17225746
Sample_IPO3916_D4_R2	9.899539042986028	1126798344	8942844	3598246	1015250502	26352386
Sample_IPO3916_D5_R1	6.977421854238175	718709418	5704043	2029879	668562030	9718810
Sample_IPO3916_D5_R2	7.858948774760595	718709418	5704043	2053538	662226413	17560179
Sample_IPO3916_D6_R1	5.339899773531998	1243102770	9865895	3121936	1176722328	18520944
Sample_IPO3916_D6_R2	6.3137976918835115	1243102770	9865895	3180763	1164615776	32414349
Sample_IPO3916_D7_R1	4.8047953427927315	623260386	4946511	1565757	593314000	8076280
Sample_IPO3916_D7_R2	5.4425897685722635	623260386	4946511	1604097	589338880	12628748
Sample_IPO3916_D8_R1	4.934958007767853	700101864	5556364	1722224	665552131	9689044
Sample_IPO3916_D8_R2	5.328404896233786	700101864	5556364	1767613	662797602	13013966
Sample_IPO3916_D9_R1	4.914957503366964	591096240	4691240	1381214	562044111	8718304
Sample_IPO3916_D9_R2	5.390459935931922	591096240	4691240	1407164	559233434	11979367
Sample_IPO3916_E10_R1	4.539998520019471	1045824570	8300195	2528916	998344150	12791655
Sample_IPO3916_E10_R2	5.171344750487168	1045824570	8300195	2580043	991741376	20364721
Sample_IPO3916_E11_R1	6.8767391555496955	1454445090	11543215	4234886	1354426695	18003619
Sample_IPO3916_E11_R2	7.854975741985556	1454445090	11543215	4286949	1340198781	34974139
Sample_IPO3916_E12_R1	6.146875058901572	874127772	6937522	2367377	820396230	12391398
Sample_IPO3916_E12_R2	6.716965857938673	874127772	6937522	2405297	815412908	18395754
Sample_IPO3916_E1_R1	8.655728168455473	1265513760	10043760	4088778	1155974329	16010897
Sample_IPO3916_E1_R2	9.493860659405236	1265513760	10043760	4113389	1145367647	30042871
Sample_IPO3916_E2_R1	13.785506449996934	473927202	3761327	1838089	408593937	12183042
Sample_IPO3916_E2_R2	14.66287221048772	473927202	3761327	1851873	404435862	18555369
Sample_IPO3916_E3_R1	9.421258998407179	874636182	6941557	2828403	792234442	12437221
Sample_IPO3916_E3_R2	9.896460354758112	874636182	6941557	2861775	788078159	18688076
Sample_IPO3916_E4_R1	12.203568821914855	595667268	4727518	2199502	522974603	8448186
Sample_IPO3916_E4_R2	13.05122594045238	595667268	4727518	2214360	517925387	16300871
Sample_IPO3916_E5_R1	7.554249710657916	603596952	4790452	1724065	557999731	10215930
Sample_IPO3916_E5_R2	8.441467080171737	603596952	4790452	1750696	552644514	17006765
Sample_IPO3916_E6_R1	4.470744002575921	332264898	2637023	785454	317410185	3976104
Sample_IPO3916_E6_R2	5.441077317773122	332264898	2637023	801211	314186108	7618883
Sample_IPO3916_E7_R1	5.335759829975074	718143174	5699549	1859602	679824779	9353439
Sample_IPO3916_E7_R2	5.902852597468259	718143174	5699549	1903813	675752241	14219772
Sample_IPO3916_E8_R1	5.654322351848367	417014640	3309640	1080070	393435288	5359983
Sample_IPO3916_E8_R2	6.3214140395646545	417014640	3309640	1103958	390653418	8666649
Sample_IPO3916_E9_R1	4.500769441229449	486625860	3862110	1219754	464723952	6105011
Sample_IPO3916_E9_R2	5.066614832183395	486625860	3862110	1252603	461970402	9203163
Sample_IPO3916_F10_R1	4.109175791809199	976219272	7747772	2346828	936104706	11835621
Sample_IPO3916_F10_R2	4.761421673715944	976219272	7747772	2402061	929737356	18985680
Sample_IPO3916_F11_R1	6.713714207092229	964411308	7654058	2569290	899663489	14757128
Sample_IPO3916_F11_R2	7.646495887001772	964411308	7654058	2604469	890667637	25478900
Sample_IPO3916_F12_R1	4.156987403364215	1233678600	9791100	2872663	1182394736	14994142
Sample_IPO3916_F12_R2	4.882354123675324	1233678600	9791100	2931506	1173446042	24965089
Sample_IPO3916_F1_R1	4.266240919578646	1994985342	15833217	4316708	1909874461	31506849
Sample_IPO3916_F1_R2	4.6822014695283904	1994985342	15833217	4445836	1901576109	41071982
Sample_IPO3916_F2_R1	13.01591563736269	600166728	4763228	2397802	522049533	8630720
Sample_IPO3916_F2_R2	13.758714395110552	600166728	4763228	2406377	517591502	15597703
Sample_IPO3916_F3_R1	8.172521436345749	506629494	4020869	1516960	465225090	6996082
Sample_IPO3916_F3_R2	8.847749791685047	506629494	4020869	1528648	461804184	11602702
Sample_IPO3916_F4_R1	6.0209546104922715	626532858	4972483	1697852	588809599	6677594
Sample_IPO3916_F4_R2	6.670451751470631	626532858	4972483	1733270	584740286	11713758
Sample_IPO3916_F5_R1	8.499022114317595	326214	2589	924	298489	8745
Sample_IPO3916_F5_R2	17.824189029287524	326214	2589	820	268069	42932
Sample_IPO3916_F6_R1	7.001534754122838	595827036	4728786	1511061	554109999	14838325
Sample_IPO3916_F6_R2	7.464596823028352	595827036	4728786	1543563	551350950	18423597
Sample_IPO3916_F7_R1	5.843209913917117	1068481638	8480013	2808422	1006048013	13946393
Sample_IPO3916_F7_R2	6.259637659772306	1068481638	8480013	2872027	1001598559	19564795
Sample_IPO3916_F8_R1	4.724253836082654	984419352	7812852	2440143	937912883	10907211
Sample_IPO3916_F8_R2	5.8046353806340045	984419352	7812852	2479962	927277398	22804590
Sample_IPO3916_F9_R1	6.705053100322295	910060578	7222703	2398070	849040533	14934322
Sample_IPO3916_F9_R2	7.208840772355705	910060578	7222703	2436334	844455760	20848545
Sample_IPO3916_G10_R1	16.704583642014363	18509195250	146898375	90694127	15417311248	214126004
Sample_IPO3916_G10_R2	17.247695401559934	18509195250	146898375	90701654	15316785632	395520686
Sample_IPO3916_G11_R1	2.4454187399969194	1478048418	11730543	3230808	1441903945	11661020
Sample_IPO3916_G11_R2	3.399417257791077	1478048418	11730543	3326426	1427803385	26360879
Sample_IPO3916_G12_R1	18.50330009485404	8367211314	66406439	42297963	6819001095	125017124
Sample_IPO3916_G12_R2	18.91757454902017	8367211314	66406439	42352503	6784337876	188886662
Sample_IPO3916_G1_R1	12.691073928351711	3116693916	24735666	12214312	2721151987	42579105
Sample_IPO3916_G1_R2	13.394119321661357	3116693916	24735666	12258839	2699240214	77334203
Sample_IPO3916_G2_R1	12.845249913751722	1479246930	11740055	5918531	1289233965	17677869
Sample_IPO3916_G2_R2	13.332734515122501	1479246930	11740055	5942833	1282022864	29891998
Sample_IPO3916_G3_R1	5.545791435005972	664084386	5270511	1734165	627255651	7723793
Sample_IPO3916_G3_R2	6.350185893393373	664084386	5270511	1768057	621913793	14038923
Sample_IPO3916_G4_R1	6.1906083131948755	1077331752	8550252	2986357	1010638363	11770213
Sample_IPO3916_G4_R2	7.414463822467937	1077331752	8550252	3026979	997453379	27343172
Sample_IPO3916_G5_R1	16.52808410707435	6014663046	47735421	27943577	5020554479	86903611
Sample_IPO3916_G5_R2	16.800271125279593	6014663046	47735421	28136148	5004183347	114158894
Sample_IPO3916_G6_R1	7.49225950414159	680386644	5399894	1990937	629410311	8997964
Sample_IPO3916_G6_R2	8.41114320874294	680386644	5399894	2012368	623158349	16821563
Sample_IPO3916_G7_R1	6.674427283690198	1366960896	10848896	3970410	1275724085	18058407
Sample_IPO3916_G7_R2	7.351553456581102	1366960896	10848896	4044550	1266468035	29443353
Sample_IPO3916_G8_R1	4.7474156939151095	578981340	4595090	1426021	551494689	6393831
Sample_IPO3916_G8_R2	5.601238202253634	578981340	4595090	1453791	546551216	11990765
Sample_IPO3916_G9_R1	4.835333147384149	1153067706	9151331	2802247	1097313041	16790172
Sample_IPO3916_G9_R2	5.263555789845354	1153067706	9151331	2875177	1092375344	22577554
Sample_IPO3916_H10_R1	6.318971699974973	1308769938	10387063	3429719	1226069136	17915933
Sample_IPO3916_H10_R2	6.984364810494295	1308769938	10387063	3522323	1217360671	28529823
Sample_IPO3916_H11_R1	18.284024450465303	27523632276	218441526	144882578	22491204621	320178172
Sample_IPO3916_H11_R2	18.77058704023212	27523632276	218441526	144827507	22357284923	551508236
Sample_IPO3916_H12_R1	20.08176948435857	32620527828	258893078	180392787	26069748625	455244679
Sample_IPO3916_H12_R2	20.385287295357983	32620527828	258893078	180320790	25970739513	651766645
Sample_IPO3916_H1_R1	10.666987031317412	743702526	5902401	2700468	664371874	8135333
Sample_IPO3916_H1_R2	11.423250026718344	743702526	5902401	2719026	658747527	16104856
Sample_IPO3916_H2_R1	7.118378191995046	357629706	2838331	1073215	332172271	3002629
Sample_IPO3916_H2_R2	8.18312503380242	357629706	2838331	1085170	328364420	7684095
Sample_IPO3916_H3_R1	6.917211354689255	800686782	6354657	2228935	745301585	12283810
Sample_IPO3916_H3_R2	7.7635867604468585	800686782	6354657	2263206	738524769	20501302
Sample_IPO3916_H4_R1	5.554809623772882	800073162	6349787	2075501	755630621	11529317
Sample_IPO3916_H4_R2	6.189714685117759	800073162	6349787	2106299	750550916	17618777
Sample_IPO3916_H5_R1	8.909080918164447	549080028	4357778	1795395	500162044	6854979
Sample_IPO3916_H5_R2	10.057723498185588	549080028	4357778	1807450	493855077	14942621
Sample_IPO3916_H6_R1	10.241489358989456	767085228	6087978	2552501	688524276	12203334
Sample_IPO3916_H6_R2	10.881801911064828	767085228	6087978	2563463	683612533	19568405
Sample_IPO3916_H7_R1	6.066591463292694	978690132	7767382	2715435	919317000	12464004
Sample_IPO3916_H7_R2	6.636671902195086	978690132	7767382	2770481	913737679	19233376
Sample_IPO3916_H8_R1	3.779901669367045	535435992	4249492	1233863	515197038	6697752
Sample_IPO3916_H8_R2	4.37436488206792	535435992	4249492	1263843	512014068	10203084
Sample_IPO3916_H9_R1	5.681887559187062	467567982	3710857	1256343	441001295	5344536
Sample_IPO3916_H9_R2	6.670366920034315	467567982	3710857	1276504	436379482	10688257
Sample_IPO3917_A10_R1	3.4016017211121574	439570656	3488656	1051898	424618213	4226422
Sample_IPO3917_A10_R2	4.738074463278095	439570656	3488656	1073202	418743471	10778827
Sample_IPO3917_A11_R1	3.9289243525562707	1041286554	8264179	2506273	1000375193	12563615
Sample_IPO3917_A11_R2	4.7607132551142115	1041286554	8264179	2552072	991713887	22623526
Sample_IPO3917_A12_R1	3.5416130436916946	1144192392	9080892	2543922	1103669525	15406751
Sample_IPO3917_A12_R2	4.237981508969866	1144192392	9080892	2607277	1095701730	24546473
Sample_IPO3917_A1_R1	7.455529204495182	1197826560	9506560	3776796	1108522251	16748601
Sample_IPO3917_A1_R2	8.12210943126858	1197826560	9506560	3824357	1100537776	29409872
Sample_IPO3917_A2_R1	4.31057604769726	1703280726	13518101	4103324	1629859515	24060728
Sample_IPO3917_A2_R2	4.845366165436197	1703280726	13518101	4236705	1620750538	35751901
Sample_IPO3917_A3_R1	3.921094180035086	545042736	4325736	1257465	523671097	7103693
Sample_IPO3917_A3_R2	4.535508936679049	545042736	4325736	1289673	520322274	11166487
Sample_IPO3917_A4_R1	4.474653194976342	713389320	5661820	1706801	681467622	10372403
Sample_IPO3917_A4_R2	5.003860725024591	713389320	5661820	1762066	677692312	15224437
Sample_IPO3917_A5_R1	16.788445175835133	3906989856	31007856	17840549	3251067006	64982158
Sample_IPO3917_A5_R2	17.021194487585586	3906989856	31007856	17925298	3241973514	79908488
Sample_IPO3917_A6_R1	2.9075124410963986	1536487974	12194349	3150200	1491814395	20360849
Sample_IPO3917_A6_R2	3.7985156400579805	1536487974	12194349	3258444	1478124238	35438407
Sample_IPO3917_A7_R1	15.283160663468085	3951876600	31364100	17910685	3347904950	52751046
Sample_IPO3917_A7_R2	15.789260018898363	3951876600	31364100	18011343	3327904528	82047436
Sample_IPO3917_A8_R1	4.241268395074081	1153924002	9158127	2807253	1104982988	15503175
Sample_IPO3917_A8_R2	5.12017592992229	1153924002	9158127	2866499	1094841063	27508925
Sample_IPO3917_A9_R1	4.069120734688463	1817299260	14423010	4339110	1743351159	23407778
Sample_IPO3917_A9_R2	4.772761421803473	1817299260	14423010	4444771	1730563902	38845601
Sample_IPO3917_B10_R1	4.022917525764834	1188484668	9432418	2976143	1140672910	14137515
Sample_IPO3917_B10_R2	4.793554896746889	1188484668	9432418	3047445	1131514003	25121365
Sample_IPO3917_B11_R1	3.36518308936989	1447761168	11490168	3402464	1399041354	17241822
Sample_IPO3917_B11_R2	4.16809203988817	1447761168	11490168	3483281	1387417150	30262386
Sample_IPO3917_B12_R1	5.380944809412361	1462846392	11609892	3879127	1384131435	20183937
Sample_IPO3917_B12_R2	5.9338190581530315	1462846392	11609892	3943356	1376043734	31313684
Sample_IPO3917_B1_R1	8.069803827145346	673861734	5348109	2100772	619482414	9901664
Sample_IPO3917_B1_R2	8.789858811006471	673861734	5348109	2131631	614630239	17543605
Sample_IPO3917_B2_R1	4.1373796556397915	449087310	3564185	1090814	430506863	5178636
Sample_IPO3917_B2_R2	5.430281029316994	449087310	3564185	1115720	424700607	12185623
Sample_IPO3917_B3_R1	3.9447464925382416	1190727594	9450219	2744986	1143756409	17263082
Sample_IPO3917_B3_R2	4.62233161281723	1190727594	9450219	2827594	1135688216	26928300
Sample_IPO3917_B4_R1	3.0654832056816463	1131648966	8981341	2293607	1096958457	14949799
Sample_IPO3917_B4_R2	3.930352815786516	1131648966	8981341	2355188	1087171169	25916444
Sample_IPO3917_B5_R1	4.455755040465079	1046738826	8307451	2636508	1000098708	11508102
Sample_IPO3917_B5_R2	5.44730486571251	1046738826	8307451	2705669	989719771	24300806
Sample_IPO3917_B6_R1	4.05954855954684	1209473622	9598997	2783955	1160374453	17030859
Sample_IPO3917_B6_R2	4.863131029078367	1209473622	9598997	2838274	1150655335	28407254
Sample_IPO3917_B7_R1	4.561975162858475	1352873718	10737093	3248133	1291155955	20474278
Sample_IPO3917_B7_R2	5.0124306576262425	1352873718	10737093	3318240	1285061861	28322052
Sample_IPO3917_B8_R1	4.039819663806798	980812098	7784223	2341445	941189058	15005799
Sample_IPO3917_B8_R2	4.260136073484689	980812098	7784223	2398168	939028168	17944653
Sample_IPO3917_B9_R1	3.107294880123998	1250218872	9922372	2861537	1211370885	14397913
Sample_IPO3917_B9_R2	3.6862360689113	1250218872	9922372	2934888	1204132853	22649316
Sample_IPO3917_C10_R1	4.407629660127956	2148227172	17049422	5101253	2053541274	30869803
Sample_IPO3917_C10_R2	5.029303064787786	2148227172	17049422	5244303	2040186317	47205854
Sample_IPO3917_C11_R1	3.841670564734636	1703908206	13523081	4141332	1638449666	21137535
Sample_IPO3917_C11_R2	4.704429658694888	1703908206	13523081	4247772	1623749043	38200254
Sample_IPO3917_C12_R1	4.677644863864363	1004856426	7975051	2617289	957852811	12023392
Sample_IPO3917_C12_R2	5.398819233903172	1004856426	7975051	2671149	950606044	21123801
Sample_IPO3917_C1_R1	6.838417434393773	763710822	6061197	2178421	711485088	11922985
Sample_IPO3917_C1_R2	7.12352207574191	763710822	6061197	2207993	709307713	15990829
Sample_IPO3917_C2_R1	5.915344466443657	1122603804	8909554	2930695	1056197922	15479204
Sample_IPO3917_C2_R2	6.797719438335344	1122603804	8909554	2973404	1046292347	28839560
Sample_IPO3917_C3_R1	3.4526237917020786	1640323314	13018439	3866427	1583689121	19953976
Sample_IPO3917_C3_R2	4.2897080959248015	1640323314	13018439	3967181	1569958232	35763417
Sample_IPO3917_C4_R1	3.370834762844293	1161323730	9216855	2503962	1122177426	13342735
Sample_IPO3917_C4_R2	4.860511375239013	1161323730	9216855	2551748	1104877458	32602965
Sample_IPO3917_C5_R1	12.57765254123579	4104361170	32574295	16493606	3588128883	51195359
Sample_IPO3917_C5_R2	13.07593096150454	4104361170	32574295	16585151	3567677737	79446138
Sample_IPO3917_C6_R1	4.938968480316014	771953742	6126617	1978407	733827190	11797565
Sample_IPO3917_C6_R2	5.864734832777065	771953742	6126617	2027258	726680702	20533937
Sample_IPO3917_C7_R1	2.8805464375794054	1576375038	12510913	3339748	1530966823	21779677
Sample_IPO3917_C7_R2	3.234722624426637	1576375038	12510913	3450656	1525383678	28254448
Sample_IPO3917_C8_R1	2.598485674710356	1179350046	9359921	2718359	1148704804	11037830
Sample_IPO3917_C8_R2	3.66946515555569	1179350046	9359921	2811697	1136074207	24667690
Sample_IPO3917_C9_R1	4.273905586123133	1502300898	11923023	3593157	1438093976	19298707
Sample_IPO3917_C9_R2	4.8954820634075125	1502300898	11923023	3677417	1428756027	30896012
Sample_IPO3917_D10_R1	4.18452942324	650861190	5165565	1623656	623625712	8364783
Sample_IPO3917_D10_R2	4.984292733754796	650861190	5165565	1650962	618420363	14479378
Sample_IPO3917_D11_R1	3.4329534221621145	1214894520	9642020	2704492	1173187757	14329406
Sample_IPO3917_D11_R2	4.469974809006464	1214894520	9642020	2755514	1160589041	28365581
Sample_IPO3917_D12_R1	3.597455430364386	900068274	7143399	2054473	867688719	10953286
Sample_IPO3917_D12_R2	4.270299499524411	900068274	7143399	2097459	861632663	18007193
Sample_IPO3917_D1_R1	5.817225253427034	735271992	5835492	2030839	692499564	10397640
Sample_IPO3917_D1_R2	6.493096774995885	735271992	5835492	2072381	687530070	17390497
Sample_IPO3917_D2_R1	5.42718928034086	738169740	5858490	1909098	698107871	10756924
Sample_IPO3917_D2_R2	6.542463255131537	738169740	5858490	1936513	689875256	21009876
Sample_IPO3917_D3_R1	5.319736050019851	540621522	4290647	1412270	511861884	6135626
Sample_IPO3917_D3_R2	6.314327789562177	540621522	4290647	1434721	506484907	13148807
Sample_IPO3917_D4_R1	4.232868587990491	1275214500	10120750	3075207	1221236346	15794131
Sample_IPO3917_D4_R2	5.078426178497813	1275214500	10120750	3150546	1210453673	29041368
Sample_IPO3917_D5_R1	16.866776396994755	5522877864	43832364	26254398	4591346404	74221554
Sample_IPO3917_D5_R2	17.41526341311103	5522877864	43832364	26277926	4561054136	121428967
Sample_IPO3917_D6_R1	3.92068073246929	740376378	5876003	1787865	711348584	10034842
Sample_IPO3917_D6_R2	5.363188667264584	740376378	5876003	1835893	700668596	22015078
Sample_IPO3917_D7_R1	4.298872195688907	1134645246	9005121	2558790	1085868297	18027921
Sample_IPO3917_D7_R2	4.850244531849032	1134645246	9005121	2624648	1079612177	25670339
Sample_IPO3917_D8_R1	3.4414102795449146	330240456	2620956	723682	318875527	4619406
Sample_IPO3917_D8_R2	3.907434950974026	330240456	2620956	745483	317336525	6447403
Sample_IPO3917_D9_R1	3.651764053255762	1301398182	10328557	2931519	1253874191	16571518
Sample_IPO3917_D9_R2	4.278453033830963	1301398182	10328557	3005398	1245718472	26206547
Sample_IPO3917_E10_R1	4.3879503203341494	1160707968	9211968	2873531	1109776679	15811350
Sample_IPO3917_E10_R2	5.208894887159075	1160707968	9211968	2920693	1100247910	27252029
Sample_IPO3917_E11_R1	3.497775262163383	1070148114	8493239	2286262	1032716738	18049198
Sample_IPO3917_E11_R2	4.308304280205459	1070148114	8493239	2364949	1024042877	27635582
Sample_IPO3917_E12_R1	4.00426516313278	1002629880	7957380	2397923	962481921	11742480
Sample_IPO3917_E12_R2	4.64955293373064	1002629880	7957380	2454069	956012073	19543860
Sample_IPO3917_E1_R1	3.670684218283121	798212520	6335020	1885064	768912659	8509429
Sample_IPO3917_E1_R2	4.745880332721416	798212520	6335020	1929595	760330309	18371812
Sample_IPO3917_E2_R1	5.413968896797938	795109518	6310393	2134000	752062536	10209849
Sample_IPO3917_E2_R2	6.313673634076658	795109518	6310393	2171111	744908898	19535985
Sample_IPO3917_E3_R1	7.381847743472041	1068516918	8480293	3123366	989640626	16879705
Sample_IPO3917_E3_R2	7.992186699284437	1068516918	8480293	3164291	983119051	27076456
Sample_IPO3917_E4_R1	5.150128252655366	1264022172	10031922	3180866	1198923409	19545034
Sample_IPO3917_E4_R2	5.962480379655872	1264022172	10031922	3253309	1188655098	33426860
Sample_IPO3917_E5_R1	4.352498148272033	1145692044	9092794	2730962	1095825819	17703080
Sample_IPO3917_E5_R2	5.3542689173112565	1145692044	9092794	2781389	1084348611	31343243
Sample_IPO3917_E6_R1	3.720857474954452	1343582100	10663350	2989158	1293589325	18352358
Sample_IPO3917_E6_R2	4.836151583144789	1343582100	10663350	3062938	1278604433	35414187
Sample_IPO3917_E7_R1	5.2305003188733625	1505061432	11944932	3647204	1426339189	23767161
Sample_IPO3917_E7_R2	5.857911652339784	1505061432	11944932	3730747	1416896263	36110029
Sample_IPO3917_E8_R1	3.717726830883874	939098664	7453164	2174154	904185541	13422243
Sample_IPO3917_E8_R2	4.478929063836897	939098664	7453164	2226869	897037101	21644023
Sample_IPO3917_E9_R1	3.5466213348254914	1151137890	9136015	2661042	1110311388	15805078
Sample_IPO3917_E9_R2	4.452998936556592	1151137890	9136015	2737391	1099877732	27430351
Sample_IPO3917_F10_R1	4.540803846657265	336942522	2674147	816681	321642623	4566640
Sample_IPO3917_F10_R2	5.6847152702204795	336942522	2674147	827996	317788299	9076931
Sample_IPO3917_F11_R1	4.093594717660711	937995030	7444405	2319366	899597315	13140664
Sample_IPO3917_F11_R2	5.029065665731726	937995030	7444405	2379844	890822644	23215834
Sample_IPO3917_F12_R1	4.3454559319859145	1191672216	9457716	2909250	1139888625	14557430
Sample_IPO3917_F12_R2	5.200940088041794	1191672216	9457716	2972026	1129694058	26762788
Sample_IPO3917_F1_R1	5.39228787069165	520803612	4133362	1296864	492720382	8461429
Sample_IPO3917_F1_R2	5.884185380803388	520803612	4133362	1333188	490158562	12084903
Sample_IPO3917_F2_R1	3.1926769932611516	912518838	7242213	2164714	883385059	9385856
Sample_IPO3917_F2_R2	4.086185670612972	912518838	7242213	2213810	875231624	18513020
Sample_IPO3917_F3_R1	7.333548240446588	527390640	4185640	1572885	488714193	7584615
Sample_IPO3917_F3_R2	8.177144933781912	527390640	4185640	1592949	484265143	14035225
Sample_IPO3917_F4_R1	6.080597683511107	986488650	7829275	2698148	926504244	15333974
Sample_IPO3917_F4_R2	6.815979585776279	986488650	7829275	2760590	919249785	25782574
Sample_IPO3917_F5_R1	4.585283354703236	1257923394	9983519	3046920	1200244042	17942056
Sample_IPO3917_F5_R2	5.368995307833507	1257923394	9983519	3095010	1190385546	30367122
Sample_IPO3917_F6_R1	3.2077785575947164	847327068	6724818	1828476	820146692	11214417
Sample_IPO3917_F6_R2	4.2283418473301975	847327068	6724818	1871317	811499183	20696160
Sample_IPO3917_F7_R1	4.377839584937993	716997834	5690459	1744485	685608819	10478289
Sample_IPO3917_F7_R2	4.9911650081776955	716997834	5690459	1784456	681211289	15867177
Sample_IPO3917_F8_R1	3.48972884441133	1112758920	8831420	2612269	1073926651	13129267
Sample_IPO3917_F8_R2	4.643189020673049	1112758920	8831420	2670366	1061091420	27455881
Sample_IPO3917_F9_R1	3.8963850170378485	1002609594	7957219	2191906	963544064	14527714
Sample_IPO3917_F9_R2	4.405626503510199	1002609594	7957219	2249089	958438360	20794605
Sample_IPO3917_G10_R1	10.911972838368836	4256490168	33781668	16129153	3792023117	52896507
Sample_IPO3917_G10_R2	11.406377527899414	4256490168	33781668	16234176	3770978830	80997046
Sample_IPO3917_G11_R1	3.9279899416735207	1380959748	10959998	3239603	1326715788	22341913
Sample_IPO3917_G11_R2	4.436927874888356	1380959748	10959998	3329688	1319687560	30857412
Sample_IPO3917_G12_R1	3.2121766021274194	1185228576	9406576	2567318	1147156941	15243713
Sample_IPO3917_G12_R2	4.112787861098617	1185228576	9406576	2646058	1136482639	27014501
Sample_IPO3917_G1_R1	5.468981948828204	897887970	7126095	2348811	848782639	11856070
Sample_IPO3917_G1_R2	6.368621020727118	897887970	7126095	2403009	840704888	22310844
Sample_IPO3917_G2_R1	5.92914280821726	990238284	7859034	2600666	931525642	14932392
Sample_IPO3917_G2_R2	6.347697722420112	990238284	7859034	2646013	927380951	21120647
Sample_IPO3917_G3_R1	5.839571923529883	994196574	7890449	2704982	936139750	13015850
Sample_IPO3917_G3_R2	6.657036619399978	994196574	7890449	2748151	928012544	23945314
Sample_IPO3917_G4_R1	2.6979394690561076	1297975266	10301391	2902683	1262956679	10824837
Sample_IPO3917_G4_R2	4.33789398572407	1297975266	10301391	2978760	1241670475	33901722
Sample_IPO3917_G5_R1	15.818833039003838	14516112240	115207240	69374611	12219832681	181730345
Sample_IPO3917_G5_R2	16.144708137087264	14516112240	115207240	69539664	12172528286	257496925
Sample_IPO3917_G6_R1	3.262062063880115	761134752	6040752	1672937	736306064	9699565
Sample_IPO3917_G6_R2	4.409591194175299	761134752	6040752	1712067	727571821	19364798
Sample_IPO3917_G7_R1	4.4831161460687	1551939984	12316984	3654932	1482364712	25211604
Sample_IPO3917_G7_R2	4.964451898547129	1551939984	12316984	3754932	1474894670	34965785
Sample_IPO3917_G8_R1	3.732206763267839	1815541938	14409063	4419841	1747782159	17583761
Sample_IPO3917_G8_R2	5.238601213738528	1815541938	14409063	4502389	1720432936	48142422
Sample_IPO3917_G9_R1	3.686807833791969	1333136448	10580448	2972264	1283986269	20957088
Sample_IPO3917_G9_R2	4.200330887660195	1333136448	10580448	3057556	1277140306	29011270
Sample_IPO3917_H10_R1	2.4421615200482067	1006617654	7989029	2042870	982034425	11899111
Sample_IPO3917_H10_R2	3.1099952276418152	1006617654	7989029	2127503	975311893	19156709
Sample_IPO3917_H11_R1	3.5834202588411954	1183582386	9393511	2799247	1141169655	12640597
Sample_IPO3917_H11_R2	4.441900760087857	1183582386	9393511	2865491	1131008831	24261720
Sample_IPO3917_H12_R1	19.756505347624643	12963365352	102883852	70510276	10402257383	203634063
Sample_IPO3917_H12_R2	20.01381978021412	12963365352	102883852	70653637	10368900773	261354031
Sample_IPO3917_H1_R1	4.145928501329994	728103222	5778597	1817610	697916583	9200532
Sample_IPO3917_H1_R2	5.087213444579429	728103222	5778597	1862838	691063057	17311146
Sample_IPO3917_H2_R1	3.9377970394866386	768081384	6095884	1829891	737835898	9034800
Sample_IPO3917_H2_R2	4.988060744354663	768081384	6095884	1869036	729769018	18447198
Sample_IPO3917_H3_R1	6.1034782086478065	737157330	5850455	2018860	692165093	10368894
Sample_IPO3917_H3_R2	6.879342432910489	737157330	5850455	2045210	686445753	18141877
Sample_IPO3917_H4_R1	16.888606235074484	7010497998	55638873	33845153	5826522596	88285668
Sample_IPO3917_H4_R2	17.31467265729615	7010497998	55638873	33924739	5796653218	134871958
Sample_IPO3917_H5_R1	3.5869513885087945	1344733362	10672487	2905632	1296498430	18786900
Sample_IPO3917_H5_R2	4.712428559499069	1344733362	10672487	2967159	1281363763	35871589
Sample_IPO3917_H6_R1	3.912712957318721	1018589670	8084045	2357982	978735180	14591586
Sample_IPO3917_H6_R2	4.792086787999725	1018589670	8084045	2421621	969777969	25048847
Sample_IPO3917_H7_R1	5.114097734693566	599414004	4757254	1541088	568759386	10060239
Sample_IPO3917_H7_R2	5.445397468558308	599414004	4757254	1570336	566773529	12958933
Sample_IPO3917_H8_R1	4.529112341656526	1452578652	11528402	3605525	1386789733	17990998
Sample_IPO3917_H8_R2	5.099033701068051	1452578652	11528402	3690493	1378511177	28644685
Sample_IPO3917_H9_R1	3.468615007632505	554385510	4399885	1260799	535156011	7339743
Sample_IPO3917_H9_R2	4.45601978305674	554385510	4399885	1294794	529681982	13436281
