Sample	FastQC_mqc-generalstats-percent_gc	FastQC_mqc-generalstats-total_sequences	Cutadapt_mqc-generalstats-percent_trimmed	FastQC_mqc-generalstats-avg_sequence_length	FastQC_mqc-generalstats-percent_duplicates	FastQC_mqc-generalstats-percent_fails
PlateE_A10_TAGGTTAGG-GCCAAT_R1	34.0	13564570.0	6.56873916550412	126.0	37.18100296665309	25.0
PlateE_A10_TAGGTTAGG-GCCAAT_R2	34.0	13564570.0	6.521175713232667	126.0	35.785040890397454	25.0
PlateE_A11_TCTCGATCG-GCCAAT_R1	35.0	11247135.0	5.764088097468998	126.0	37.54417475793632	16.666666666666664
PlateE_A11_TCTCGATCG-GCCAAT_R2	35.0	11247135.0	5.502669424081411	126.0	35.65912115789229	25.0
PlateE_A12_TTACGTCAA-GCCAAT_R1	36.0	19689819.0	7.663940475717465	126.0	33.55256644580112	25.0
PlateE_A12_TTACGTCAA-GCCAAT_R2	36.0	19689819.0	7.298355359779896	126.0	34.882781593183765	25.0
PlateE_A1_AACCAACCG-GCCAAT_R1	32.0	15672666.0	5.723844910866442	126.0	33.48462002639209	25.0
PlateE_A1_AACCAACCG-GCCAAT_R2	32.0	15672666.0	5.280015730308616	126.0	34.06639963198231	25.0
PlateE_A2_AATATTCCG-GCCAAT_R1	35.0	18090598.0	6.6857996781374665	126.0	33.27874345761494	25.0
PlateE_A2_AATATTCCG-GCCAAT_R2	35.0	18090598.0	6.116722786934573	126.0	34.71643181183556	25.0
PlateE_A3_AGAACTCTT-GCCAAT_R1	36.0	18991454.0	7.88883971221669	126.0	32.92390759461895	25.0
PlateE_A3_AGAACTCTT-GCCAAT_R2	36.0	18991454.0	7.385162077269906	126.0	34.77065144516321	25.0
PlateE_A4_ATTCGGACG-GCCAAT_R1	33.0	15811651.0	6.268459482870806	126.0	25.094977763593334	25.0
PlateE_A4_ATTCGGACG-GCCAAT_R2	33.0	15811651.0	5.795750395684963	126.0	25.213380205583533	25.0
PlateE_A5_CCTCAGAGA-GCCAAT_R1	34.0	17260866.0	5.980105379362056	126.0	40.781204320115926	33.33333333333333
PlateE_A5_CCTCAGAGA-GCCAAT_R2	34.0	17260866.0	5.981758674253941	126.0	40.14385962485123	33.33333333333333
PlateE_A6_CGCTAACGA-GCCAAT_R1	35.0	20700009.0	7.085959460364225	126.0	44.547834019819575	25.0
PlateE_A6_CGCTAACGA-GCCAAT_R2	35.0	20700009.0	6.9815954615714855	126.0	44.553976573179874	25.0
PlateE_A7_GAAGGTTAC-GCCAAT_R1	36.0	15463526.0	6.491939868848862	126.0	39.64042916119877	33.33333333333333
PlateE_A7_GAAGGTTAC-GCCAAT_R2	36.0	15463526.0	6.2359224159288384	126.0	39.758816221943924	33.33333333333333
PlateE_A8_GCAGTTCAG-GCCAAT_R1	34.0	18034560.0	7.277312172621513	126.0	32.38457012951133	25.0
PlateE_A8_GCAGTTCAG-GCCAAT_R2	34.0	18034560.0	7.048216850454887	126.0	31.865784004863627	25.0
PlateE_A9_GTATATGGC-GCCAAT_R1	35.0	18887611.0	7.461600471486688	126.0	30.449890911464266	25.0
PlateE_A9_GTATATGGC-GCCAAT_R2	35.0	18887611.0	6.883896093968771	126.0	30.36896076234872	25.0
PlateE_B10_TATCAAGCC-GCCAAT_R1	34.0	20450341.0	7.851320239133234	126.0	33.92189870718394	41.66666666666667
PlateE_B10_TATCAAGCC-GCCAAT_R2	35.0	20450341.0	7.461169334186513	126.0	31.862991485549387	41.66666666666667
PlateE_B11_TCTTGACTC-GCCAAT_R1	35.0	17843852.0	6.2862643466736134	126.0	30.906027162090638	25.0
PlateE_B11_TCTTGACTC-GCCAAT_R2	35.0	17843852.0	5.943036263908125	126.0	29.910917996405047	25.0
PlateE_B12_TTACTAACC-GCCAAT_R1	35.0	16761580.0	6.884775864123277	126.0	34.53993164826521	25.0
PlateE_B12_TTACTAACC-GCCAAT_R2	35.0	16761580.0	6.479658450579449	126.0	33.30413436081973	25.0
PlateE_B1_AACCGAAGT-GCCAAT_R1	35.0	20277219.0	6.750913269980307	126.0	39.83159952124342	25.0
PlateE_B1_AACCGAAGT-GCCAAT_R2	35.0	20277219.0	6.358152231728386	126.0	40.76112895812941	25.0
PlateE_B2_ACCAAGAGT-GCCAAT_R1	35.0	15028437.0	5.703512255011923	126.0	39.99253618419832	25.0
PlateE_B2_ACCAAGAGT-GCCAAT_R2	35.0	15028437.0	5.563475567252407	126.0	39.2449035364566	25.0
PlateE_B3_AGAAGAACT-GCCAAT_R1	36.0	24819758.0	5.51905717582192	126.0	51.26525508737378	25.0
PlateE_B3_AGAAGAACT-GCCAAT_R2	36.0	24819758.0	5.240959769817384	126.0	51.198998397326584	33.33333333333333
PlateE_B4_CAGAATGCT-GCCAAT_R1	35.0	15527427.0	5.562841281093249	126.0	44.42984062655141	16.666666666666664
PlateE_B4_CAGAATGCT-GCCAAT_R2	36.0	15527427.0	5.399031498284774	126.0	44.45588159302819	25.0
PlateE_B5_CCTGAACCA-GCCAAT_R1	34.0	13647410.0	6.400471847190309	126.0	37.18643348470554	16.666666666666664
PlateE_B5_CCTGAACCA-GCCAAT_R2	34.0	13647410.0	6.063710873542922	126.0	36.10142106150176	25.0
PlateE_B6_CGCTCGCTC-GCCAAT_R1	35.0	19529769.0	8.262060881323812	126.0	35.17923561332722	25.0
PlateE_B6_CGCTCGCTC-GCCAAT_R2	35.0	19529769.0	7.973561585547473	126.0	33.91894798803999	25.0
PlateE_B7_GAAGTCCTC-GCCAAT_R1	34.0	15839431.0	6.271801121587709	126.0	36.216206036099216	16.666666666666664
PlateE_B7_GAAGTCCTC-GCCAAT_R2	34.0	15839431.0	5.75729721002995	126.0	35.307272986931906	25.0
PlateE_B8_GCCGCTGGC-GCCAAT_R1	37.0	17707143.0	6.476781266378888	126.0	31.15753231555344	25.0
PlateE_B8_GCCGCTGGC-GCCAAT_R2	37.0	17707143.0	5.893635334101817	126.0	32.475047149323615	25.0
PlateE_B9_GTATTATCT-GCCAAT_R1	41.0	6755243.0	8.851752819231116	126.0	21.96099810867736	33.33333333333333
PlateE_B9_GTATTATCT-GCCAAT_R2	42.0	6755243.0	8.622888024643077	126.0	20.97741838447243	33.33333333333333
PlateE_C10_TATGGATAA-GCCAAT_R1	36.0	16132060.0	7.112622170947022	126.0	35.17665710528807	25.0
PlateE_C10_TATGGATAA-GCCAAT_R2	36.0	16132060.0	6.741095799591738	126.0	36.345341269285605	25.0
PlateE_C11_TGAACCTGA-GCCAAT_R1	33.0	18213978.0	6.468719261517737	126.0	37.81357052758866	25.0
PlateE_C11_TGAACCTGA-GCCAAT_R2	34.0	18213978.0	6.048215207581712	126.0	38.36356570608357	25.0
PlateE_C12_TTAGAAGTT-GCCAAT_R1	36.0	22222816.0	8.304995304811168	126.0	39.73837120659628	25.0
PlateE_C12_TTAGAAGTT-GCCAAT_R2	36.0	22222816.0	7.954520419500105	126.0	41.12466917395901	25.0
PlateE_C1_AACCTCTCT-GCCAAT_R1	36.0	16918361.0	5.811223638334669	126.0	39.15355467406021	25.0
PlateE_C1_AACCTCTCT-GCCAAT_R2	36.0	16918361.0	5.210308502031028	126.0	40.19744358742437	25.0
PlateE_C2_ACCGGAGCG-GCCAAT_R1	35.0	15315362.0	6.089403453471635	126.0	26.86452502619963	25.0
PlateE_C2_ACCGGAGCG-GCCAAT_R2	35.0	15315362.0	6.088234329584419	126.0	26.62398367214108	25.0
PlateE_C3_AGAATATGC-GCCAAT_R1	35.0	17674928.0	6.6421546250092085	126.0	40.14747793157487	41.66666666666667
PlateE_C3_AGAATATGC-GCCAAT_R2	35.0	17674928.0	6.377025595463147	126.0	37.43146579041511	41.66666666666667
PlateE_C4_CAGAGGTAG-GCCAAT_R1	36.0	13476381.0	5.92436247335363	126.0	26.26338291099914	25.0
PlateE_C4_CAGAGGTAG-GCCAAT_R2	36.0	13476381.0	6.281090527762538	126.0	25.643030935159388	25.0
PlateE_C5_CCTGATTGG-GCCAAT_R1	34.0	14878272.0	5.74803993281623	126.0	30.287036412632958	25.0
PlateE_C5_CCTGATTGG-GCCAAT_R2	35.0	14878272.0	5.615121591351895	126.0	30.328143855578077	25.0
PlateE_C6_CGGACCTCG-GCCAAT_R1	35.0	9473900.0	6.262490079260363	126.0	31.939318994150455	41.66666666666667
PlateE_C6_CGGACCTCG-GCCAAT_R2	35.0	9473900.0	6.255640182375741	126.0	29.207300672563733	41.66666666666667
PlateE_C7_GAATGAATT-GCCAAT_R1	40.0	14212926.0	5.8390208064771905	126.0	40.94073268500238	25.0
PlateE_C7_GAATGAATT-GCCAAT_R2	40.0	14212926.0	5.563842892138276	126.0	43.37760733234345	25.0
PlateE_C8_GCTGGAGTA-GCCAAT_R1	36.0	19190953.0	8.00290765149467	126.0	38.917565701713876	25.0
PlateE_C8_GCTGGAGTA-GCCAAT_R2	36.0	19190953.0	7.588790355935895	126.0	39.927809208977074	25.0
PlateE_C9_GTCAACCGT-GCCAAT_R1	37.0	14679158.0	8.962409519457818	126.0	32.345923726823614	33.33333333333333
PlateE_C9_GTCAACCGT-GCCAAT_R2	37.0	14679158.0	8.619267297752128	126.0	33.45501398520902	33.33333333333333
PlateE_D10_TCCTCTCGG-GCCAAT_R1	37.0	24468879.0	7.100579857584786	126.0	45.176421783144015	16.666666666666664
PlateE_D10_TCCTCTCGG-GCCAAT_R2	37.0	24468879.0	6.9282539968487615	126.0	47.215827760987814	25.0
PlateE_D11_TGAGGTCTG-GCCAAT_R1	37.0	19789214.0	6.504742937238437	126.0	29.96587760016473	25.0
PlateE_D11_TGAGGTCTG-GCCAAT_R2	37.0	19789214.0	6.515095779103435	126.0	30.942236711667306	25.0
PlateE_D12_TTATAGTTC-GCCAAT_R1	37.0	18836238.0	6.796593437994444	126.0	31.673801962108655	25.0
PlateE_D12_TTATAGTTC-GCCAAT_R2	37.0	18836238.0	6.503955722820446	126.0	32.82612195273852	25.0
PlateE_D1_AACGCAACC-GCCAAT_R1	36.0	21720515.0	7.356864207182904	126.0	37.34027741978203	25.0
PlateE_D1_AACGCAACC-GCCAAT_R2	36.0	21720515.0	7.0715912203096085	126.0	39.31153893626733	25.0
PlateE_D2_ACGTTCTGC-GCCAAT_R1	35.0	20795563.0	8.23817656878392	126.0	30.34715308381115	25.0
PlateE_D2_ACGTTCTGC-GCCAAT_R2	35.0	20795563.0	7.959359422847092	126.0	30.936067286111296	25.0
PlateE_D3_AGTCAAGTA-GCCAAT_R1	35.0	26774814.0	7.034398369172908	126.0	48.35102442852134	33.33333333333333
PlateE_D3_AGTCAAGTA-GCCAAT_R2	35.0	26774814.0	6.778296283299007	126.0	45.859858970298696	33.33333333333333
PlateE_D4_CAGATTCAA-GCCAAT_R1	38.0	19007599.0	7.359634269647996	126.0	38.66499722256647	25.0
PlateE_D4_CAGATTCAA-GCCAAT_R2	38.0	19007599.0	7.065905296320932	126.0	41.76477265235461	25.0
PlateE_D5_CCTTGGTAC-GCCAAT_R1	40.0	23904217.0	7.1225380209878635	126.0	43.52430587724678	16.666666666666664
PlateE_D5_CCTTGGTAC-GCCAAT_R2	40.0	23904217.0	7.155280898829998	126.0	46.14381927138799	25.0
PlateE_D6_CGGTTGGCG-GCCAAT_R1	35.0	12176811.0	7.965911469981625	126.0	31.069813715332074	33.33333333333333
PlateE_D6_CGGTTGGCG-GCCAAT_R2	35.0	12176811.0	7.918357642608105	126.0	30.218309327178872	33.33333333333333
PlateE_D7_GACTAGTCC-GCCAAT_R1	35.0	17626639.0	5.849922012475747	126.0	39.91264511780417	25.0
PlateE_D7_GACTAGTCC-GCCAAT_R2	35.0	17626639.0	5.556412888865774	126.0	40.000881427885616	25.0
PlateE_D8_GGACTCCAA-GCCAAT_R1	36.0	27267147.0	6.197559789057645	126.0	36.40855792730362	25.0
PlateE_D8_GGACTCCAA-GCCAAT_R2	36.0	27267147.0	5.781807915188426	126.0	36.41896416066939	25.0
PlateE_D9_GTCCTTGAT-GCCAAT_R1	36.0	26923509.0	7.0783892024187995	126.0	49.5852274098095	25.0
PlateE_D9_GTCCTTGAT-GCCAAT_R2	36.0	26923509.0	6.641752062428839	126.0	49.28872834334796	25.0
PlateE_E10_TCGCCTGCC-GCCAAT_R1	34.0	23498518.0	6.413012838471244	126.0	27.304823593724876	25.0
PlateE_E10_TCGCCTGCC-GCCAAT_R2	34.0	23498518.0	6.160026333683668	126.0	27.156052350800195	25.0
PlateE_E11_TGAGTCGGC-GCCAAT_R1	34.0	27789156.0	7.556792331238162	126.0	29.99287319662875	25.0
PlateE_E11_TGAGTCGGC-GCCAAT_R2	34.0	27789156.0	7.186578376797324	126.0	28.998807575544532	25.0
PlateE_E12_TTCTCCGTC-GCCAAT_R1	35.0	28100113.0	8.908375321287968	126.0	29.409282668667956	33.33333333333333
PlateE_E12_TTCTCCGTC-GCCAAT_R2	35.0	28100113.0	8.51836110138808	126.0	28.263157520957876	33.33333333333333
PlateE_E1_AACTTGAGG-GCCAAT_R1	37.0	10487959.0	5.825429511405972	126.0	42.18526287212839	25.0
PlateE_E1_AACTTGAGG-GCCAAT_R2	37.0	10487959.0	5.684394837927951	126.0	40.06587635052985	25.0
PlateE_E2_ACTACCGGT-GCCAAT_R1	37.0	11865330.0	6.157328930804257	126.0	34.48460309758224	25.0
PlateE_E2_ACTACCGGT-GCCAAT_R2	37.0	11865330.0	5.924631438220188	126.0	33.33736650510953	25.0
PlateE_E3_AGTTCAATC-GCCAAT_R1	35.0	13756584.0	5.942774296985633	126.0	43.26337455750229	25.0
PlateE_E3_AGTTCAATC-GCCAAT_R2	35.0	13756584.0	5.5155252574284805	126.0	43.69551188619949	25.0
PlateE_E4_CAGTCGCGA-GCCAAT_R1	36.0	17789181.0	6.652792110883183	126.0	40.17367540069955	16.666666666666664
PlateE_E4_CAGTCGCGA-GCCAAT_R2	36.0	17789181.0	6.566262702835264	126.0	42.3069695486454	25.0
PlateE_E5_CGACCGCGG-GCCAAT_R1	35.0	12340142.0	6.89203383481942	126.0	33.127047582208206	25.0
PlateE_E5_CGACCGCGG-GCCAAT_R2	35.0	12340142.0	7.048943479909996	126.0	32.023932893421744	25.0
PlateE_E6_CTCAGTAAG-GCCAAT_R1	35.0	18458157.0	8.157061177506284	126.0	33.27449020333685	25.0
PlateE_E6_CTCAGTAAG-GCCAAT_R2	35.0	18458157.0	8.01855309307218	126.0	32.918443483494	25.0
PlateE_E7_GAGCGCAAT-GCCAAT_R1	34.0	14058770.0	7.77650889800459	126.0	29.95340435233308	25.0
PlateE_E7_GAGCGCAAT-GCCAAT_R2	34.0	14058770.0	7.493817986357519	126.0	29.58871818292691	25.0
PlateE_E8_GGATCCGTA-GCCAAT_R1	37.0	14414066.0	7.029910646430093	126.0	27.95497630716224	25.0
PlateE_E8_GGATCCGTA-GCCAAT_R2	37.0	14414066.0	6.881225635860864	126.0	28.811792911809647	25.0
PlateE_E9_GTCGAGGAC-GCCAAT_R1	33.0	12748485.0	6.40469616710323	126.0	27.700503353679125	25.0
PlateE_E9_GTCGAGGAC-GCCAAT_R2	33.0	12748485.0	5.957609366979186	126.0	27.37862619680905	25.0
PlateE_F10_TCGCGCCGC-GCCAAT_R1	36.0	15542199.0	6.471957972623999	126.0	34.25576877953851	25.0
PlateE_F10_TCGCGCCGC-GCCAAT_R2	36.0	15542199.0	6.402900258837247	126.0	34.01878327033609	25.0
PlateE_F11_TGCGAGACT-GCCAAT_R1	36.0	18749318.0	9.907991709436434	126.0	19.1998617385037	33.33333333333333
PlateE_F11_TGCGAGACT-GCCAAT_R2	36.0	18749318.0	9.595851551625623	126.0	19.116968042220265	33.33333333333333
PlateE_F12_TTGAACTGC-GCCAAT_R1	34.0	21041741.0	6.630066912887616	126.0	30.02018152155206	25.0
PlateE_F12_TTGAACTGC-GCCAAT_R2	34.0	21041741.0	6.358574010597197	126.0	28.693960521329913	25.0
PlateE_F1_AAGAACCAT-GCCAAT_R1	36.0	13205373.0	5.4262375829778735	126.0	50.9502715186758	33.33333333333333
PlateE_F1_AAGAACCAT-GCCAAT_R2	36.0	13205373.0	5.085046557029211	126.0	51.50196681143035	33.33333333333333
PlateE_F2_ACTGGCTCC-GCCAAT_R1	35.0	11053000.0	5.724422012841447	126.0	40.706566008614374	33.33333333333333
PlateE_F2_ACTGGCTCC-GCCAAT_R2	35.0	11053000.0	5.34943482987453	126.0	38.717118367561795	33.33333333333333
PlateE_F3_ATGCTCCAG-GCCAAT_R1	35.0	16725304.0	6.407123060506461	126.0	28.59437915710376	25.0
PlateE_F3_ATGCTCCAG-GCCAAT_R2	35.0	16725304.0	6.233615644096314	126.0	28.399465790304163	25.0
PlateE_F4_CCATCTCCA-GCCAAT_R1	35.0	17075115.0	6.325789555559896	126.0	30.784987635646928	25.0
PlateE_F4_CCATCTCCA-GCCAAT_R2	35.0	17075115.0	6.018417622128637	126.0	31.55294190659413	25.0
PlateE_F5_CGATTAAGT-GCCAAT_R1	36.0	13483268.0	5.945027923638747	126.0	30.506327961347807	25.0
PlateE_F5_CGATTAAGT-GCCAAT_R2	36.0	13483268.0	5.759620409203137	126.0	30.474584506350794	25.0
PlateE_F6_CTCCGGTAT-GCCAAT_R1	34.0	13555548.0	6.597248583478134	126.0	22.92095691177515	25.0
PlateE_F6_CTCCGGTAT-GCCAAT_R2	34.0	13555548.0	6.377819128620497	126.0	22.82204582905142	25.0
PlateE_F7_GATCGCTTC-GCCAAT_R1	34.0	25757399.0	6.772550940620861	126.0	19.56986499833974	25.0
PlateE_F7_GATCGCTTC-GCCAAT_R2	34.0	25757399.0	6.226488243766076	126.0	18.70871197420763	25.0
PlateE_F8_GGCGGTTGG-GCCAAT_R1	36.0	15349638.0	5.870287035588784	126.0	33.617942745350035	25.0
PlateE_F8_GGCGGTTGG-GCCAAT_R2	36.0	15349638.0	6.710459943901019	126.0	32.811878257055255	25.0
PlateE_F9_GTCGGCTAA-GCCAAT_R1	36.0	21497155.0	5.794220913389008	126.0	31.95372976740748	25.0
PlateE_F9_GTCGGCTAA-GCCAAT_R2	36.0	21497155.0	5.603678387076934	126.0	32.3447113838817	25.0
PlateE_G10_TCGGATATC-GCCAAT_R1	34.0	3802881.0	5.465187560827682	126.0	30.821480296363134	25.0
PlateE_G10_TCGGATATC-GCCAAT_R2	35.0	3802881.0	6.241316133658282	126.0	28.024979917376797	25.0
PlateE_G11_TGGACCATC-GCCAAT_R1	35.0	17333026.0	5.858126304983075	126.0	39.70946986471067	25.0
PlateE_G11_TGGACCATC-GCCAAT_R2	35.0	17333026.0	5.3050597679187055	126.0	40.61981802245547	25.0
PlateE_G12_TTGAAGGAT-GCCAAT_R1	34.0	25463950.0	6.881277630682181	126.0	32.79385145546124	25.0
PlateE_G12_TTGAAGGAT-GCCAAT_R2	34.0	25463950.0	6.536663020366452	126.0	31.178177423935423	25.0
PlateE_G1_AAGACTGAG-GCCAAT_R1	35.0	16071729.0	5.260630402023092	126.0	43.840376255721615	25.0
PlateE_G1_AAGACTGAG-GCCAAT_R2	35.0	16071729.0	5.081437307294898	126.0	44.973081444272765	25.0
PlateE_G2_ACTTCGTTA-GCCAAT_R1	33.0	16447508.0	5.176779691903807	126.0	46.41035281637065	25.0
PlateE_G2_ACTTCGTTA-GCCAAT_R2	33.0	16447508.0	4.644633655526977	126.0	47.91747691705114	25.0
PlateE_G3_ATGCTGATC-GCCAAT_R1	36.0	12167618.0	5.22890412375766	126.0	56.44713954228304	25.0
PlateE_G3_ATGCTGATC-GCCAAT_R2	36.0	12167618.0	4.914666202734254	126.0	56.018832825519574	33.33333333333333
PlateE_G4_CCGCCGGAG-GCCAAT_R1	35.0	16306835.0	5.818957471825732	126.0	40.23878151132752	25.0
PlateE_G4_CCGCCGGAG-GCCAAT_R2	35.0	16306835.0	6.070376585344695	126.0	40.37198818355719	25.0
PlateE_G5_CGCCTCGGT-GCCAAT_R1	35.0	3976077.0	5.925932792389353	126.0	20.292920536180333	25.0
PlateE_G5_CGCCTCGGT-GCCAAT_R2	35.0	3976077.0	7.825786612968049	126.0	17.797467322794148	25.0
PlateE_G6_CTCTAGGTT-GCCAAT_R1	34.0	13218456.0	7.1622799021331796	126.0	16.91810908646903	25.0
PlateE_G6_CTCTAGGTT-GCCAAT_R2	34.0	13218456.0	6.911994264949859	126.0	16.765409837809017	25.0
PlateE_G7_GATGCGAAC-GCCAAT_R1	35.0	12153301.0	5.374567625309214	126.0	36.49570393666984	25.0
PlateE_G7_GATGCGAAC-GCCAAT_R2	35.0	12153301.0	5.197538055253008	126.0	35.406543798806496	25.0
PlateE_G8_GGTAGACTT-GCCAAT_R1	33.0	18434789.0	6.535921992768285	126.0	30.38570768866073	25.0
PlateE_G8_GGTAGACTT-GCCAAT_R2	33.0	18434789.0	6.331498843740237	126.0	29.54554791481327	25.0
PlateE_G9_GTTAATTAC-GCCAAT_R1	34.0	17466826.0	5.967029128463839	126.0	29.745340920728182	25.0
PlateE_G9_GTTAATTAC-GCCAAT_R2	34.0	17466826.0	5.456095266917221	126.0	29.17589012114361	25.0
PlateE_H10_TCTATGACG-GCCAAT_R1	35.0	20527874.0	5.902151147233517	126.0	39.32127765344337	25.0
PlateE_H10_TCTATGACG-GCCAAT_R2	35.0	20527874.0	5.595934218014127	126.0	39.927570189779935	25.0
PlateE_H11_TGGTTAATG-GCCAAT_R1	36.0	8551237.0	5.439057047888612	126.0	41.83932800078111	25.0
PlateE_H11_TGGTTAATG-GCCAAT_R2	36.0	8551237.0	5.295860370009291	126.0	39.0402539894472	25.0
PlateE_H12_TTGGTCTCG-GCCAAT_R1	35.0	13116037.0	5.868249637072491	126.0	27.814275575168182	33.33333333333333
PlateE_H12_TTGGTCTCG-GCCAAT_R2	35.0	13116037.0	6.154126009589973	126.0	26.562231866640502	33.33333333333333
PlateE_H1_AAGTTGGAA-GCCAAT_R1	33.0	12323506.0	5.146208211995659	126.0	63.67167329852869	33.33333333333333
PlateE_H1_AAGTTGGAA-GCCAAT_R2	33.0	12323506.0	4.95041256026401	126.0	62.96502241693256	33.33333333333333
PlateE_H2_AGAACGAAG-GCCAAT_R1	33.0	16600351.0	5.137056181178682	126.0	34.32011829581627	25.0
PlateE_H2_AGAACGAAG-GCCAAT_R2	33.0	16600351.0	4.925546071332688	126.0	35.00264471368061	25.0
PlateE_H3_ATGGTTCGA-GCCAAT_R1	32.0	18386743.0	5.956818954088237	126.0	37.87914574552838	25.0
PlateE_H3_ATGGTTCGA-GCCAAT_R2	32.0	18386743.0	5.436776610502158	126.0	38.29076836034191	25.0
PlateE_H4_CCGGCCTTC-GCCAAT_R1	36.0	17206300.0	6.819947778448444	126.0	26.455642737616074	25.0
PlateE_H4_CCGGCCTTC-GCCAAT_R2	36.0	17206300.0	6.8673011887764615	126.0	27.431376130376833	25.0
PlateE_H5_CGCGCAGTT-GCCAAT_R1	37.0	15978259.0	5.443142738169687	126.0	38.83907329123743	25.0
PlateE_H5_CGCGCAGTT-GCCAAT_R2	37.0	15978259.0	5.649630657805829	126.0	40.5143456541772	25.0
PlateE_H6_CTTCCAAGC-GCCAAT_R1	36.0	15666764.0	6.42244895394429	126.0	26.59126996937944	25.0
PlateE_H6_CTTCCAAGC-GCCAAT_R2	36.0	15666764.0	6.342704464575707	126.0	27.312244826353165	25.0
PlateE_H7_GCAACTGCG-GCCAAT_R1	35.0	16910443.0	6.290115597198801	126.0	30.413456544879878	25.0
PlateE_H7_GCAACTGCG-GCCAAT_R2	35.0	16910443.0	5.8710337128590275	126.0	31.284561338684554	25.0
PlateE_H8_GGTCATCGC-GCCAAT_R1	37.0	19668887.0	6.323552264072436	126.0	26.889626327591685	25.0
PlateE_H8_GGTCATCGC-GCCAAT_R2	37.0	19668887.0	6.081938944550845	126.0	28.455256664872337	25.0
PlateE_H9_TAATGGAAG-GCCAAT_R1	37.0	10961855.0	6.925605794633892	126.0	26.010354241636747	25.0
PlateE_H9_TAATGGAAG-GCCAAT_R2	37.0	10961855.0	6.822953721343639	126.0	24.677008540646128	25.0
PlateF_A10_TAGGTTAGG-CTTGTA_R1	37.0	12521075.0	6.750867561101506	126.0	23.195578908979996	25.0
PlateF_A10_TAGGTTAGG-CTTGTA_R2	37.0	12521075.0	7.426436298242434	126.0	22.414520839080467	25.0
PlateF_A11_TCTCGATCG-CTTGTA_R1	36.0	13897413.0	6.501619322163693	126.0	24.37872216869907	25.0
PlateF_A11_TCTCGATCG-CTTGTA_R2	36.0	13897413.0	5.895548660975579	126.0	25.512275841785012	25.0
PlateF_A12_TTACGTCAA-CTTGTA_R1	39.0	10368147.0	7.689767791404082	126.0	26.638265467127766	33.33333333333333
PlateF_A12_TTACGTCAA-CTTGTA_R2	39.0	10368147.0	7.068961019179897	126.0	26.072584863442202	33.33333333333333
PlateF_A1_AACCAACCG-CTTGTA_R1	35.0	13971099.0	8.204327705585266	126.0	22.881893478709117	33.33333333333333
PlateF_A1_AACCAACCG-CTTGTA_R2	35.0	13971099.0	7.684809145299118	126.0	23.252528308271835	33.33333333333333
PlateF_A2_AATATTCCG-CTTGTA_R1	37.0	18228035.0	5.3204922988830035	126.0	41.50660058645143	41.66666666666667
PlateF_A2_AATATTCCG-CTTGTA_R2	37.0	18228035.0	4.634433011723817	126.0	45.03596909622761	41.66666666666667
PlateF_A3_AGAACTCTT-CTTGTA_R1	35.0	30546000.0	5.360527733867942	126.0	60.37714159942107	33.33333333333333
PlateF_A3_AGAACTCTT-CTTGTA_R2	36.0	30546000.0	4.64080621576202	126.0	63.95823490461273	33.33333333333333
PlateF_A4_ATTCGGACG-CTTGTA_R1	39.0	11162163.0	6.27499297801371	126.0	46.28721540713428	25.0
PlateF_A4_ATTCGGACG-CTTGTA_R2	39.0	11162163.0	5.751223170293292	126.0	45.80023257149395	25.0
PlateF_A5_CCTCAGAGA-CTTGTA_R1	38.0	11176128.0	5.529359343215985	126.0	25.76865149993081	25.0
PlateF_A5_CCTCAGAGA-CTTGTA_R2	38.0	11176128.0	5.30688174674983	126.0	24.854920168148567	25.0
PlateF_A6_CGCTAACGA-CTTGTA_R1	37.0	19567678.0	6.310812819722564	126.0	27.284301279651984	25.0
PlateF_A6_CGCTAACGA-CTTGTA_R2	37.0	19567678.0	6.01424670096998	126.0	29.269328378924058	25.0
PlateF_A7_GAAGGTTAC-CTTGTA_R1	35.0	11842858.0	5.729272471008292	126.0	20.97416484582311	25.0
PlateF_A7_GAAGGTTAC-CTTGTA_R2	35.0	11842858.0	5.272751394278816	126.0	20.41972298430707	25.0
PlateF_A8_GCAGTTCAG-CTTGTA_R1	36.0	14079049.0	5.6402806256010125	126.0	39.36447885331522	25.0
PlateF_A8_GCAGTTCAG-CTTGTA_R2	37.0	14079049.0	5.179010067223753	126.0	40.827927023792334	25.0
PlateF_A9_GTATATGGC-CTTGTA_R1	37.0	16570211.0	7.262082904782928	126.0	21.56785515403527	25.0
PlateF_A9_GTATATGGC-CTTGTA_R2	37.0	16570211.0	6.630409625317174	126.0	22.982250636746727	25.0
PlateF_B10_TATCAAGCC-CTTGTA_R1	37.0	18001600.0	7.86594736552518	126.0	20.579372107030906	25.0
PlateF_B10_TATCAAGCC-CTTGTA_R2	37.0	18001600.0	7.341364674110097	126.0	22.371186707369034	25.0
PlateF_B11_TCTTGACTC-CTTGTA_R1	34.0	18751681.0	5.997169466041936	126.0	35.78298665523663	25.0
PlateF_B11_TCTTGACTC-CTTGTA_R2	34.0	18751681.0	5.295373252136701	126.0	38.79911647047904	25.0
PlateF_B12_TTACTAACC-CTTGTA_R1	34.0	14235025.0	6.447446987105329	126.0	67.61433562545778	33.33333333333333
PlateF_B12_TTACTAACC-CTTGTA_R2	34.0	14235025.0	5.637001546292187	126.0	65.94379692024026	33.33333333333333
PlateF_B1_AACCGAAGT-CTTGTA_R1	35.0	12972421.0	6.282811710430041	126.0	23.129931212749483	25.0
PlateF_B1_AACCGAAGT-CTTGTA_R2	35.0	12972421.0	5.708306595137974	126.0	23.30192146234438	25.0
PlateF_B2_ACCAAGAGT-CTTGTA_R1	34.0	14664604.0	5.574774329842656	126.0	23.37665775993547	25.0
PlateF_B2_ACCAAGAGT-CTTGTA_R2	34.0	14664604.0	4.982434531820932	126.0	23.772715260896973	25.0
PlateF_B3_AGAAGAACT-CTTGTA_R1	35.0	34364106.0	6.033466135893942	126.0	33.82736157592565	33.33333333333333
PlateF_B3_AGAAGAACT-CTTGTA_R2	36.0	34364106.0	5.4571792587281776	126.0	33.4572942585868	33.33333333333333
PlateF_B4_CAGAATGCT-CTTGTA_R1	41.0	10802520.0	6.072258110379771	126.0	38.62176681987256	25.0
PlateF_B4_CAGAATGCT-CTTGTA_R2	41.0	10802520.0	5.821818530408748	126.0	37.55881443338701	25.0
PlateF_B5_CCTGAACCA-CTTGTA_R1	36.0	21770810.0	6.470751359857461	126.0	27.766954725169555	25.0
PlateF_B5_CCTGAACCA-CTTGTA_R2	36.0	21770810.0	5.813358666219905	126.0	30.839035203969445	25.0
PlateF_B6_CGCTCGCTC-CTTGTA_R1	38.0	9242512.0	6.851102301852055	126.0	27.46291343863109	25.0
PlateF_B6_CGCTCGCTC-CTTGTA_R2	38.0	9242512.0	6.338257546062308	126.0	26.619094536294412	25.0
PlateF_B7_GAAGTCCTC-CTTGTA_R1	36.0	20554031.0	9.390610725859757	126.0	23.565742306756306	33.33333333333333
PlateF_B7_GAAGTCCTC-CTTGTA_R2	36.0	20554031.0	8.601229051927993	126.0	26.180975265708227	33.33333333333333
PlateF_B8_GCCGCTGGC-CTTGTA_R1	37.0	7665642.0	7.596603604863579	126.0	21.108900172239842	25.0
PlateF_B8_GCCGCTGGC-CTTGTA_R2	37.0	7665642.0	6.804551782682773	126.0	20.426670404890345	25.0
PlateF_B9_GTATTATCT-CTTGTA_R1	34.0	17746491.0	7.068388587042048	126.0	24.55417656059724	25.0
PlateF_B9_GTATTATCT-CTTGTA_R2	34.0	17746491.0	6.134108248520613	126.0	26.716634313599798	25.0
PlateF_C10_TATGGATAA-CTTGTA_R1	36.0	14624567.0	5.59415227554462	126.0	38.845588415787866	33.33333333333333
PlateF_C10_TATGGATAA-CTTGTA_R2	36.0	14624567.0	4.9711069399823264	126.0	39.93970766987977	33.33333333333333
PlateF_C11_TGAACCTGA-CTTGTA_R1	36.0	18694158.0	7.579856324421337	126.0	25.46684298706238	25.0
PlateF_C11_TGAACCTGA-CTTGTA_R2	36.0	18694158.0	6.915442620316304	126.0	27.424418956708678	25.0
PlateF_C12_TTAGAAGTT-CTTGTA_R1	38.0	12167265.0	6.579063864563111	126.0	23.060525603238673	25.0
PlateF_C12_TTAGAAGTT-CTTGTA_R2	38.0	12167265.0	5.957771587475551	126.0	23.126255835997185	25.0
PlateF_C1_AACCTCTCT-CTTGTA_R1	37.0	21304089.0	6.579187611012065	126.0	28.111164485551953	25.0
PlateF_C1_AACCTCTCT-CTTGTA_R2	37.0	21304089.0	5.780662613343888	126.0	31.119591944300566	25.0
PlateF_C2_ACCGGAGCG-CTTGTA_R1	34.0	15711090.0	6.787706130176958	126.0	32.336951096379494	33.33333333333333
PlateF_C2_ACCGGAGCG-CTTGTA_R2	35.0	15711090.0	6.291972538213251	126.0	33.246325138098015	33.33333333333333
PlateF_C3_AGAATATGC-CTTGTA_R1	34.0	24754164.0	6.155831219166018	126.0	38.980643647814915	33.33333333333333
PlateF_C3_AGAATATGC-CTTGTA_R2	35.0	24754164.0	5.581900073105674	126.0	40.548725091737815	33.33333333333333
PlateF_C4_CAGAGGTAG-CTTGTA_R1	37.0	12715391.0	5.509976746303651	126.0	33.83292752326726	25.0
PlateF_C4_CAGAGGTAG-CTTGTA_R2	37.0	12715391.0	6.691779814352293	126.0	32.60430513715269	25.0
PlateF_C5_CCTGATTGG-CTTGTA_R1	37.0	13463051.0	6.602358181710439	126.0	31.086177068616678	33.33333333333333
PlateF_C5_CCTGATTGG-CTTGTA_R2	37.0	13463051.0	6.182246446689477	126.0	31.69254463111622	33.33333333333333
PlateF_C6_CGGACCTCG-CTTGTA_R1	38.0	12812490.0	6.3199380336798585	126.0	31.645363564983313	25.0
PlateF_C6_CGGACCTCG-CTTGTA_R2	38.0	12812490.0	5.866561729379964	126.0	32.384262773983224	25.0
PlateF_C7_GAATGAATT-CTTGTA_R1	36.0	14910290.0	6.282203298250605	126.0	30.742888774107143	25.0
PlateF_C7_GAATGAATT-CTTGTA_R2	36.0	14910290.0	5.450960110886243	126.0	32.423483692971814	33.33333333333333
PlateF_C8_GCTGGAGTA-CTTGTA_R1	37.0	13080390.0	5.626811500948281	126.0	33.987281665473674	25.0
PlateF_C8_GCTGGAGTA-CTTGTA_R2	37.0	13080390.0	5.0456069237389976	126.0	34.475666314923345	33.33333333333333
PlateF_C9_GTCAACCGT-CTTGTA_R1	37.0	12966560.0	6.25742287903262	126.0	25.929759524606695	25.0
PlateF_C9_GTCAACCGT-CTTGTA_R2	37.0	12966560.0	5.6677502598625855	126.0	26.08061948752217	25.0
PlateF_D10_TCCTCTCGG-CTTGTA_R1	36.0	9788177.0	5.762995564436629	126.0	24.059697379849837	25.0
PlateF_D10_TCCTCTCGG-CTTGTA_R2	36.0	9788177.0	5.129289838689761	126.0	23.234268273331963	25.0
PlateF_D11_TGAGGTCTG-CTTGTA_R1	36.0	20056116.0	5.809242293053515	126.0	26.17133173180686	25.0
PlateF_D11_TGAGGTCTG-CTTGTA_R2	36.0	20056116.0	5.445524320876358	126.0	28.375147184145817	25.0
PlateF_D12_TTATAGTTC-CTTGTA_R1	35.0	15151004.0	6.697651956748317	126.0	28.157893090515813	25.0
PlateF_D12_TTATAGTTC-CTTGTA_R2	35.0	15151004.0	6.032067954987387	126.0	29.561802313234153	25.0
PlateF_D1_AACGCAACC-CTTGTA_R1	38.0	18032162.0	5.8329029427337	126.0	34.43204889368057	25.0
PlateF_D1_AACGCAACC-CTTGTA_R2	38.0	18032162.0	5.384843472528133	126.0	37.284771905892974	25.0
PlateF_D2_ACGTTCTGC-CTTGTA_R1	38.0	9204589.0	5.580191817605568	126.0	22.309405911860054	25.0
PlateF_D2_ACGTTCTGC-CTTGTA_R2	38.0	9204589.0	5.2028834713048	126.0	21.36153968033912	25.0
PlateF_D3_AGTCAAGTA-CTTGTA_R1	38.0	14011367.0	5.5745332875822715	126.0	35.5384121425501	25.0
PlateF_D3_AGTCAAGTA-CTTGTA_R2	38.0	14011367.0	5.184655339493907	126.0	36.78740673547324	25.0
PlateF_D4_CAGATTCAA-CTTGTA_R1	36.0	12009570.0	5.44140452750836	126.0	26.13312278850968	25.0
PlateF_D4_CAGATTCAA-CTTGTA_R2	36.0	12009570.0	4.844106467948953	126.0	26.065962380779368	25.0
PlateF_D5_CCTTGGTAC-CTTGTA_R1	35.0	14964506.0	7.535557965024196	126.0	26.108148754517927	25.0
PlateF_D5_CCTTGGTAC-CTTGTA_R2	35.0	14964506.0	6.954135869002822	126.0	27.394148572686632	25.0
PlateF_D6_CGGTTGGCG-CTTGTA_R1	35.0	9841972.0	7.398528659171344	126.0	21.278170344893695	25.0
PlateF_D6_CGGTTGGCG-CTTGTA_R2	35.0	9841972.0	6.9432800920352395	126.0	20.496304000904274	25.0
PlateF_D7_GACTAGTCC-CTTGTA_R1	37.0	17864328.0	5.593244835039993	126.0	30.155406344466684	25.0
PlateF_D7_GACTAGTCC-CTTGTA_R2	37.0	17864328.0	5.017986833784774	126.0	32.58739261139293	25.0
PlateF_D8_GGACTCCAA-CTTGTA_R1	36.0	12325911.0	5.764884170131458	126.0	24.169364428810482	25.0
PlateF_D8_GGACTCCAA-CTTGTA_R2	36.0	12325911.0	5.052983024753225	126.0	24.216658858354293	25.0
PlateF_D9_GTCCTTGAT-CTTGTA_R1	37.0	16473802.0	5.990808054769974	126.0	21.74050130433109	25.0
PlateF_D9_GTCCTTGAT-CTTGTA_R2	37.0	16473802.0	5.276488848153119	126.0	23.240951888936095	25.0
PlateF_E10_TCGCCTGCC-CTTGTA_R1	37.0	16317166.0	6.170991023847825	126.0	26.186765321469338	25.0
PlateF_E10_TCGCCTGCC-CTTGTA_R2	37.0	16317166.0	5.607301138694274	126.0	28.12165722131128	25.0
PlateF_E11_TGAGTCGGC-CTTGTA_R1	36.0	15586714.0	5.874996008759932	126.0	29.878439170451855	41.66666666666667
PlateF_E11_TGAGTCGGC-CTTGTA_R2	36.0	15586714.0	5.371183126738274	126.0	31.218655059893294	41.66666666666667
PlateF_E12_TTCTCCGTC-CTTGTA_R1	37.0	20084058.0	8.495521790514267	126.0	21.79496216682965	33.33333333333333
PlateF_E12_TTCTCCGTC-CTTGTA_R2	37.0	20084058.0	7.775350226564518	126.0	23.806908288021717	33.33333333333333
PlateF_E1_AACTTGAGG-CTTGTA_R1	36.0	18874840.0	12.774185736396277	126.0	34.52542736165127	33.33333333333333
PlateF_E1_AACTTGAGG-CTTGTA_R2	36.0	18874840.0	12.175380912721202	126.0	36.999368437417104	33.33333333333333
PlateF_E2_ACTACCGGT-CTTGTA_R1	36.0	21200409.0	5.827288034044045	126.0	32.427753369409444	25.0
PlateF_E2_ACTACCGGT-CTTGTA_R2	36.0	21200409.0	5.210505683513068	126.0	35.04914033798117	25.0
PlateF_E3_AGTTCAATC-CTTGTA_R1	35.0	9382.0	11.620529687040026	126.0	1.5881475165210048	25.0
PlateF_E3_AGTTCAATC-CTTGTA_R2	37.0	9382.0	32.271692162973345	126.0	0.9912598593050461	25.0
PlateF_E4_CAGTCGCGA-CTTGTA_R1	35.0	14954183.0	6.353712334811402	126.0	31.458459196586887	33.33333333333333
PlateF_E4_CAGTCGCGA-CTTGTA_R2	35.0	14954183.0	5.945118743751741	126.0	32.106443118661915	33.33333333333333
PlateF_E5_CGACCGCGG-CTTGTA_R1	36.0	14057395.0	5.8997707002511595	126.0	29.761754493873298	25.0
PlateF_E5_CGACCGCGG-CTTGTA_R2	36.0	14057395.0	5.6040375788878265	126.0	30.544869834008054	25.0
PlateF_E6_CTCAGTAAG-CTTGTA_R1	36.0	20231494.0	5.526713755814384	126.0	40.91440374073345	33.33333333333333
PlateF_E6_CTCAGTAAG-CTTGTA_R2	36.0	20231494.0	5.089926500747669	126.0	43.208336001972036	33.33333333333333
PlateF_E7_GAGCGCAAT-CTTGTA_R1	35.0	15327130.0	5.857945645691297	126.0	34.216247267443904	33.33333333333333
PlateF_E7_GAGCGCAAT-CTTGTA_R2	35.0	15327130.0	5.262055863407846	126.0	35.650057261980635	33.33333333333333
PlateF_E8_GGATCCGTA-CTTGTA_R1	36.0	14258099.0	5.85689645750177	126.0	30.786660603047395	41.66666666666667
PlateF_E8_GGATCCGTA-CTTGTA_R2	36.0	14258099.0	5.345261653834066	126.0	31.52133880152843	41.66666666666667
PlateF_E9_GTCGAGGAC-CTTGTA_R1	36.0	18746804.0	5.725517901865401	126.0	32.19936875765028	33.33333333333333
PlateF_E9_GTCGAGGAC-CTTGTA_R2	36.0	18746804.0	4.836955141793769	126.0	34.72606036005706	33.33333333333333
PlateF_F10_TCGCGCCGC-CTTGTA_R1	36.0	12703395.0	5.893008153919508	126.0	19.799693932928406	25.0
PlateF_F10_TCGCGCCGC-CTTGTA_R2	36.0	12703395.0	5.276073961905584	126.0	20.06980466865336	25.0
PlateF_F11_TGCGAGACT-CTTGTA_R1	33.0	16468131.0	5.83012647324317	126.0	22.295193957985447	25.0
PlateF_F11_TGCGAGACT-CTTGTA_R2	34.0	16468131.0	5.189512677739484	126.0	23.244696808693817	25.0
PlateF_F12_TTGAACTGC-CTTGTA_R1	32.0	17300966.0	8.102721382312245	126.0	21.48829836870499	33.33333333333333
PlateF_F12_TTGAACTGC-CTTGTA_R2	32.0	17300966.0	7.3574218662446675	126.0	23.02498918124408	33.33333333333333
PlateF_F1_AAGAACCAT-CTTGTA_R1	37.0	15456515.0	5.62777603890041	126.0	44.28200230941478	25.0
PlateF_F1_AAGAACCAT-CTTGTA_R2	37.0	15456515.0	5.2607437756418625	126.0	46.97746758534521	25.0
PlateF_F2_ACTGGCTCC-CTTGTA_R1	38.0	8041750.0	5.335842263662701	126.0	66.34047765536417	33.33333333333333
PlateF_F2_ACTGGCTCC-CTTGTA_R2	38.0	8041750.0	4.827014770634007	126.0	65.14940794324261	33.33333333333333
PlateF_F3_ATGCTCCAG-CTTGTA_R1	37.0	45748452.0	5.6979588646856865	126.0	45.39958694491758	25.0
PlateF_F3_ATGCTCCAG-CTTGTA_R2	37.0	45748452.0	5.218249338033981	126.0	45.453961049222	25.0
PlateF_F4_CCATCTCCA-CTTGTA_R1	39.0	14908754.0	5.5289496358984795	126.0	32.320562412694684	25.0
PlateF_F4_CCATCTCCA-CTTGTA_R2	39.0	14908754.0	4.96527744706231	126.0	34.60506025455864	25.0
PlateF_F5_CGATTAAGT-CTTGTA_R1	34.0	18011602.0	6.635603672619037	126.0	33.68181583184477	25.0
PlateF_F5_CGATTAAGT-CTTGTA_R2	34.0	18011602.0	6.103557320336927	126.0	36.08940909149355	25.0
PlateF_F6_CTCCGGTAT-CTTGTA_R1	35.0	13316412.0	5.50590921605276	126.0	32.57743311437393	25.0
PlateF_F6_CTCCGGTAT-CTTGTA_R2	35.0	13316412.0	4.877114724868759	126.0	33.327520357174805	25.0
PlateF_F7_GATCGCTTC-CTTGTA_R1	36.0	9566811.0	6.442676483727781	126.0	22.113894874261774	25.0
PlateF_F7_GATCGCTTC-CTTGTA_R2	36.0	9566811.0	5.664220085028649	126.0	21.408059932588245	25.0
PlateF_F8_GGCGGTTGG-CTTGTA_R1	35.0	13858591.0	6.0983235757677114	126.0	23.18340347997247	25.0
PlateF_F8_GGCGGTTGG-CTTGTA_R2	35.0	13858591.0	5.970373602411376	126.0	23.07707720306678	25.0
PlateF_F9_GTCGGCTAA-CTTGTA_R1	34.0	5438657.0	7.031788493792808	126.0	12.455721169465576	25.0
PlateF_F9_GTCGGCTAA-CTTGTA_R2	35.0	5438657.0	6.342524465022353	126.0	12.122885746134969	25.0
PlateF_G10_TCGGATATC-CTTGTA_R1	35.0	14922886.0	5.267449394533793	126.0	28.656992624910714	25.0
PlateF_G10_TCGGATATC-CTTGTA_R2	35.0	14922886.0	4.810995440689992	126.0	29.767946141906705	25.0
PlateF_G11_TGGACCATC-CTTGTA_R1	34.0	14401944.0	6.438871162445981	126.0	21.466091032634694	25.0
PlateF_G11_TGGACCATC-CTTGTA_R2	34.0	14401944.0	5.6755945751556345	126.0	22.37341393562714	25.0
PlateF_G12_TTGAAGGAT-CTTGTA_R1	33.0	23038709.0	9.079894383163763	126.0	19.81726426075535	33.33333333333333
PlateF_G12_TTGAAGGAT-CTTGTA_R2	34.0	23038709.0	8.403883041928081	126.0	21.43166366802363	33.33333333333333
PlateF_G1_AAGACTGAG-CTTGTA_R1	33.0	17104533.0	5.878096898696525	126.0	28.699112231328655	25.0
PlateF_G1_AAGACTGAG-CTTGTA_R2	33.0	17104533.0	5.599945997421334	126.0	29.680016244105218	25.0
PlateF_G2_ACTTCGTTA-CTTGTA_R1	34.0	23900659.0	5.990437201978273	126.0	29.289790532829414	25.0
PlateF_G2_ACTTCGTTA-CTTGTA_R2	34.0	23900659.0	5.079627156219271	126.0	31.83976007583695	25.0
PlateF_G3_ATGCTGATC-CTTGTA_R1	35.0	28412380.0	7.135977819952552	126.0	31.761829276834874	25.0
PlateF_G3_ATGCTGATC-CTTGTA_R2	35.0	28412380.0	6.497013173231428	126.0	33.03836533357433	25.0
PlateF_G4_CCGCCGGAG-CTTGTA_R1	33.0	15393206.0	6.287106080930707	126.0	22.118166763617282	25.0
PlateF_G4_CCGCCGGAG-CTTGTA_R2	34.0	15393206.0	6.039298085389718	126.0	22.686135081028453	25.0
PlateF_G5_CGCCTCGGT-CTTGTA_R1	34.0	15349530.0	5.634769603979085	126.0	26.716701905100265	25.0
PlateF_G5_CGCCTCGGT-CTTGTA_R2	34.0	15349530.0	5.322102825567101	126.0	27.98538533781253	25.0
PlateF_G6_CTCTAGGTT-CTTGTA_R1	33.0	19810051.0	6.69843399432031	126.0	22.104457734863672	25.0
PlateF_G6_CTCTAGGTT-CTTGTA_R2	34.0	19810051.0	6.097076761049307	126.0	23.663360428051533	25.0
PlateF_G7_GATGCGAAC-CTTGTA_R1	34.0	17476337.0	7.255065829688761	126.0	20.591556792853638	25.0
PlateF_G7_GATGCGAAC-CTTGTA_R2	35.0	17476337.0	6.519874809296672	126.0	22.10967232427113	25.0
PlateF_G8_GGTAGACTT-CTTGTA_R1	35.0	14312181.0	5.36194125895444	126.0	29.917822710270798	25.0
PlateF_G8_GGTAGACTT-CTTGTA_R2	35.0	14312181.0	4.933622070842457	126.0	30.922499096576715	25.0
PlateF_G9_GTTAATTAC-CTTGTA_R1	35.0	17056555.0	6.244201613629966	126.0	25.801839072376097	25.0
PlateF_G9_GTTAATTAC-CTTGTA_R2	35.0	17056555.0	5.323075879504185	126.0	27.85849788101109	25.0
PlateF_H10_TCTATGACG-CTTGTA_R1	34.0	15287133.0	7.765699334952379	126.0	14.642615294039103	25.0
PlateF_H10_TCTATGACG-CTTGTA_R2	34.0	15287133.0	7.024932158451308	126.0	14.999605210391948	25.0
PlateF_H11_TGGTTAATG-CTTGTA_R1	34.0	12718431.0	6.194344729451772	126.0	18.952688289757845	25.0
PlateF_H11_TGGTTAATG-CTTGTA_R2	34.0	12718431.0	5.635476315173363	126.0	18.682867578973088	25.0
PlateF_H12_TTGGTCTCG-CTTGTA_R1	34.0	13736762.0	7.032053553213344	126.0	15.375706276931467	25.0
PlateF_H12_TTGGTCTCG-CTTGTA_R2	34.0	13736762.0	6.664506272143064	126.0	15.321696779381	25.0
PlateF_H1_AAGTTGGAA-CTTGTA_R1	31.0	16942462.0	7.276473665481946	126.0	19.227110804878777	25.0
PlateF_H1_AAGTTGGAA-CTTGTA_R2	32.0	16942462.0	6.746438304136353	126.0	19.366415335752933	25.0
PlateF_H2_AGAACGAAG-CTTGTA_R1	35.0	26113326.0	5.639910862077889	126.0	44.5289133856208	33.33333333333333
PlateF_H2_AGAACGAAG-CTTGTA_R2	35.0	26113326.0	5.22721191811755	126.0	47.08257175712461	33.33333333333333
PlateF_H3_ATGGTTCGA-CTTGTA_R1	36.0	14558956.0	6.086950059828335	126.0	24.42453252693953	25.0
PlateF_H3_ATGGTTCGA-CTTGTA_R2	36.0	14558956.0	5.866210080203858	126.0	25.265206438251823	25.0
PlateF_H4_CCGGCCTTC-CTTGTA_R1	38.0	9029745.0	13.319356598751531	126.0	58.48842022836131	58.333333333333336
PlateF_H4_CCGGCCTTC-CTTGTA_R2	38.0	9029745.0	12.784444237192902	126.0	57.34179757989063	58.333333333333336
PlateF_H5_CGCGCAGTT-CTTGTA_R1	37.0	13932921.0	8.994737191032138	126.0	49.898242772198856	33.33333333333333
PlateF_H5_CGCGCAGTT-CTTGTA_R2	37.0	13932921.0	8.526459320840484	126.0	51.25458188231104	41.66666666666667
PlateF_H6_CTTCCAAGC-CTTGTA_R1	36.0	12616594.0	6.458726386172732	126.0	28.57024558473907	25.0
PlateF_H6_CTTCCAAGC-CTTGTA_R2	36.0	12616594.0	5.9729484734957685	126.0	28.917168229894514	25.0
PlateF_H7_GCAACTGCG-CTTGTA_R1	34.0	21948773.0	9.49961574270277	126.0	14.197899781368278	33.33333333333333
PlateF_H7_GCAACTGCG-CTTGTA_R2	34.0	21948773.0	8.656405104509515	126.0	14.988168127694053	33.33333333333333
PlateF_H8_GGTCATCGC-CTTGTA_R1	35.0	23881959.0	10.099453222316384	126.0	14.174183495984124	33.33333333333333
PlateF_H8_GGTCATCGC-CTTGTA_R2	35.0	23881959.0	9.399498545696728	126.0	14.786038409095326	33.33333333333333
PlateF_H9_TAATGGAAG-CTTGTA_R1	34.0	14084149.0	7.843811473721949	126.0	14.899023586021258	25.0
PlateF_H9_TAATGGAAG-CTTGTA_R2	34.0	14084149.0	7.283296458996745	126.0	15.077078883564198	25.0
