Sample	bp_written	quality_trimmed	r_with_adapters	bp_processed	percent_trimmed	r_processed
PlateE_A10_TAGGTTAGG-GCCAAT_R1	1596867146	78248457	3530539	1709135820	6.56873916550412	13564570
PlateE_A10_TAGGTTAGG-GCCAAT_R2	1597680070	80870741	3629598	1709135820	6.521175713232667	13564570
PlateE_A11_TCTCGATCG-GCCAAT_R1	1335453869	64464896	2850617	1417139010	5.764088097468998	11247135
PlateE_A11_TCTCGATCG-GCCAAT_R2	1339158535	62046549	2939411	1417139010	5.502669424081411	11247135
PlateE_A12_TTACGTCAA-GCCAAT_R1	2290781177	118377144	5850824	2480917194	7.663940475717465	19689819
PlateE_A12_TTACGTCAA-GCCAAT_R2	2299851041	116931004	6074047	2480917194	7.298355359779896	19689819
PlateE_A1_AACCAACCG-GCCAAT_R1	1861723950	91164138	3568308	1974755916	5.723844910866442	15672666
PlateE_A1_AACCAACCG-GCCAAT_R2	1870488493	84117722	3666458	1974755916	5.280015730308616	15672666
PlateE_A2_AATATTCCG-GCCAAT_R1	2127018204	105474521	4930345	2279415348	6.6857996781374665	18090598
PlateE_A2_AATATTCCG-GCCAAT_R2	2139989830	97188730	5056031	2279415348	6.116722786934573	18090598
PlateE_A3_AGAACTCTT-GCCAAT_R1	2204149328	110280117	5815542	2392923204	7.88883971221669	18991454
PlateE_A3_AGAACTCTT-GCCAAT_R2	2216201947	107291526	5981305	2392923204	7.385162077269906	18991454
PlateE_A4_ATTCGGACG-GCCAAT_R1	1867383512	93209581	3853983	1992268026	6.268459482870806	15811651
PlateE_A4_ATTCGGACG-GCCAAT_R2	1876801144	86675776	3963704	1992268026	5.795750395684963	15811651
PlateE_A5_CCTCAGAGA-GCCAAT_R1	2044809651	101254768	4214505	2174869116	5.980105379362056	17260866
PlateE_A5_CCTCAGAGA-GCCAAT_R2	2044773694	104207168	4373830	2174869116	5.981758674253941	17260866
PlateE_A6_CGCTAACGA-GCCAAT_R1	2423385059	122318339	5704999	2608201134	7.085959460364225	20700009
PlateE_A6_CGCTAACGA-GCCAAT_R2	2426107082	127020345	5880165	2608201134	6.9815954615714855	20700009
PlateE_A7_GAAGGTTAC-GCCAAT_R1	1821915042	92641737	4056908	1948404276	6.491939868848862	15463526
PlateE_A7_GAAGGTTAC-GCCAAT_R2	1826903297	90853130	4217058	1948404276	6.2359224159288384	15463526
PlateE_A8_GCAGTTCAG-GCCAAT_R1	2106988225	105578322	4999539	2272354560	7.277312172621513	18034560
PlateE_A8_GCAGTTCAG-GCCAAT_R2	2112194083	106822768	5143133	2272354560	7.048216850454887	18034560
PlateE_A9_GTATATGGC-GCCAAT_R1	2202264909	116155005	5292804	2379838986	7.461600471486688	18887611
PlateE_A9_GTATATGGC-GCCAAT_R2	2216013343	108876920	5468478	2379838986	6.883896093968771	18887611
PlateE_B10_TATCAAGCC-GCCAAT_R1	2374434624	128173728	6077445	2576742966	7.851320239133234	20450341
PlateE_B10_TATCAAGCC-GCCAAT_R2	2384487810	125984916	6292053	2576742966	7.461169334186513	20450341
PlateE_B11_TCTTGACTC-GCCAAT_R1	2106989677	104862486	4738776	2248325352	6.2862643466736134	17843852
PlateE_B11_TCTTGACTC-GCCAAT_R2	2114706561	100178499	4889409	2248325352	5.943036263908125	17843852
PlateE_B12_TTACTAACC-GCCAAT_R1	1966555431	103810169	4642012	2111959080	6.884775864123277	16761580
PlateE_B12_TTACTAACC-GCCAAT_R2	1975111345	99264426	4792364	2111959080	6.479658450579449	16761580
PlateE_B1_AACCGAAGT-GCCAAT_R1	2382448513	116969163	5517616	2554929594	6.750913269980307	20277219
PlateE_B1_AACCGAAGT-GCCAAT_R2	2392483281	112787892	5695500	2554929594	6.358152231728386	20277219
PlateE_B2_ACCAAGAGT-GCCAAT_R1	1785582320	82873349	3786089	1893583062	5.703512255011923	15028437
PlateE_B2_ACCAAGAGT-GCCAAT_R2	1788234031	82586391	3912859	1893583062	5.563475567252407	15028437
PlateE_B3_AGAAGAACT-GCCAAT_R1	2954692612	139247419	6288237	3127289508	5.51905717582192	24819758
PlateE_B3_AGAAGAACT-GCCAAT_R2	2963389523	132930748	6545869	3127289508	5.240959769817384	24819758
PlateE_B4_CAGAATGCT-GCCAAT_R1	1847621271	89963390	3868824	1956455802	5.562841281093249	15527427
PlateE_B4_CAGAATGCT-GCCAAT_R2	1850826137	88249603	4020235	1956455802	5.399031498284774	15527427
PlateE_B5_CCTGAACCA-GCCAAT_R1	1609512832	82428685	3519434	1719573660	6.400471847190309	13647410
PlateE_B5_CCTGAACCA-GCCAAT_R2	1615303685	79375870	3639282	1719573660	6.063710873542922	13647410
PlateE_B6_CGCTCGCTC-GCCAAT_R1	2257442157	120738425	5901331	2460750894	8.262060881323812	19529769
PlateE_B6_CGCTCGCTC-GCCAAT_R2	2264541406	122890513	6057645	2460750894	7.973561585547473	19529769
PlateE_B7_GAAGTCCTC-GCCAAT_R1	1870597687	92867101	4149477	1995768306	6.271801121587709	15839431
PlateE_B7_GAAGTCCTC-GCCAAT_R2	1880865993	85127692	4282967	1995768306	5.75729721002995	15839431
PlateE_B8_GCCGCTGGC-GCCAAT_R1	2086596550	100673617	4962088	2231100018	6.476781266378888	17707143
PlateE_B8_GCCGCTGGC-GCCAAT_R2	2099607119	91356280	5169509	2231100018	5.893635334101817	17707143
PlateE_B9_GTATTATCT-GCCAAT_R1	775817984	39755121	2502689	851160618	8.851752819231116	6755243
PlateE_B9_GTATTATCT-GCCAAT_R2	777765991	41703743	2628762	851160618	8.622888024643077	6755243
PlateE_C10_TATGGATAA-GCCAAT_R1	1888065588	93309914	4652924	2032639560	7.112622170947022	16132060
PlateE_C10_TATGGATAA-GCCAAT_R2	1895617380	91097121	4805801	2032639560	6.741095799591738	16132060
PlateE_C11_TGAACCTGA-GCCAAT_R1	2146506629	107197076	4587394	2294961228	6.468719261517737	18213978
PlateE_C11_TGAACCTGA-GCCAAT_R2	2156157034	101573057	4724353	2294961228	6.048215207581712	18213978
PlateE_C12_TTAGAAGTT-GCCAAT_R1	2567528734	131004223	6982319	2800074816	8.304995304811168	22222816
PlateE_C12_TTAGAAGTT-GCCAAT_R2	2577342293	132990626	7200087	2800074816	7.954520419500105	22222816
PlateE_C1_AACCTCTCT-GCCAAT_R1	2007834848	99617126	4354503	2131713486	5.811223638334669	16918361
PlateE_C1_AACCTCTCT-GCCAAT_R2	2020644637	88476450	4499038	2131713486	5.210308502031028	16918361
PlateE_C2_ACCGGAGCG-GCCAAT_R1	1812226225	90804635	3895538	1929735612	6.089403453471635	15315362
PlateE_C2_ACCGGAGCG-GCCAAT_R2	1812248786	93242426	4058773	1929735612	6.088234329584419	15315362
PlateE_C3_AGAATATGC-GCCAAT_R1	2079117426	110931565	4992124	2227040928	6.6421546250092085	17674928
PlateE_C3_AGAATATGC-GCCAAT_R2	2085021958	108581537	5194716	2227040928	6.377025595463147	17674928
PlateE_C4_CAGAGGTAG-GCCAAT_R1	1597426909	77028490	3495324	1698024006	5.92436247335363	13476381
PlateE_C4_CAGAGGTAG-GCCAAT_R2	1591369581	85450891	3646217	1698024006	6.281090527762538	13476381
PlateE_C5_CCTGATTGG-GCCAAT_R1	1766905936	84761738	3660390	1874662272	5.74803993281623	14878272
PlateE_C5_CCTGATTGG-GCCAAT_R2	1769397706	84202913	3764444	1874662272	5.615121591351895	14878272
PlateE_C6_CGGACCTCG-GCCAAT_R1	1118955342	58414777	2526326	1193711400	6.262490079260363	9473900
PlateE_C6_CGGACCTCG-GCCAAT_R2	1119037110	59723264	2623792	1193711400	6.255640182375741	9473900
PlateE_C7_GAATGAATT-GCCAAT_R1	1686261817	81462276	4146785	1790828676	5.8390208064771905	14212926
PlateE_C7_GAATGAATT-GCCAAT_R2	1691189782	78134271	4389949	1790828676	5.563842892138276	14212926
PlateE_C8_GCTGGAGTA-GCCAAT_R1	2224544963	111643815	5888377	2418060078	8.00290765149467	19190953
PlateE_C8_GCTGGAGTA-GCCAAT_R2	2234558568	110676766	6117187	2418060078	7.588790355935895	19190953
PlateE_C9_GTCAACCGT-GCCAAT_R1	1683807520	86079659	4972174	1849573908	8.962409519457818	14679158
PlateE_C9_GTCAACCGT-GCCAAT_R2	1690154189	89032638	5145194	1849573908	8.619267297752128	14679158
PlateE_D10_TCCTCTCGG-GCCAAT_R1	2864162285	133920814	7399561	3083078754	7.100579857584786	24468879
PlateE_D10_TCCTCTCGG-GCCAAT_R2	2869475227	136733001	7591942	3083078754	6.9282539968487615	24468879
PlateE_D11_TGAGGTCTG-GCCAAT_R1	2331249039	109913771	5816199	2493440964	6.504742937238437	19789214
PlateE_D11_TGAGGTCTG-GCCAAT_R2	2330990897	115184317	6015174	2493440964	6.515095779103435	19789214
PlateE_D12_TTATAGTTC-GCCAAT_R1	2212057951	108528208	5452646	2373365988	6.796593437994444	18836238
PlateE_D12_TTATAGTTC-GCCAAT_R2	2219003315	106740688	5635494	2373365988	6.503955722820446	18836238
PlateE_D1_AACGCAACC-GCCAAT_R1	2535443342	128034859	6335507	2736784890	7.356864207182904	21720515
PlateE_D1_AACGCAACC-GCCAAT_R2	2543250650	128615991	6558245	2736784890	7.0715912203096085	21720515
PlateE_D2_ACGTTCTGC-GCCAAT_R1	2404380863	123010023	6394398	2620240938	8.23817656878392	20795563
PlateE_D2_ACGTTCTGC-GCCAAT_R2	2411686544	126384192	6581753	2620240938	7.959359422847092	20795563
PlateE_D3_AGTCAAGTA-GCCAAT_R1	3136312232	155234125	7426959	3373626564	7.034398369172908	26774814
PlateE_D3_AGTCAAGTA-GCCAAT_R2	3144952160	155421410	7688016	3373626564	6.778296283299007	26774814
PlateE_D4_CAGATTCAA-GCCAAT_R1	2218697363	112503434	5803295	2394957474	7.359634269647996	19007599
PlateE_D4_CAGATTCAA-GCCAAT_R2	2225732047	113368743	6001118	2394957474	7.065905296320932	19007599
PlateE_D5_CCTTGGTAC-GCCAAT_R1	2797405387	136092502	7823180	3011931342	7.1225380209878635	23904217
PlateE_D5_CCTTGGTAC-GCCAAT_R2	2796419194	146120946	8209727	3011931342	7.155280898829998	23904217
PlateE_D6_CGGTTGGCG-GCCAAT_R1	1412058944	71133721	3675274	1534278186	7.965911469981625	12176811
PlateE_D6_CGGTTGGCG-GCCAAT_R2	1412788552	76657379	3796621	1534278186	7.918357642608105	12176811
PlateE_D7_GACTAGTCC-GCCAAT_R1	2091032290	103694478	4415951	2220956514	5.849922012475747	17626639
PlateE_D7_GACTAGTCC-GCCAAT_R2	2097551000	99104239	4578207	2220956514	5.556412888865774	17626639
PlateE_D8_GGACTCCAA-GCCAAT_R1	3222733407	156696210	7386878	3435660522	6.197559789057645	27267147
PlateE_D8_GGACTCCAA-GCCAAT_R2	3237017230	147238118	7655588	3435660522	5.781807915188426	27267147
PlateE_D9_GTCCTTGAT-GCCAAT_R1	3152237539	152608900	7818040	3392362134	7.0783892024187995	26923509
PlateE_D9_GTCCTTGAT-GCCAAT_R2	3167049852	146486598	8075295	3392362134	6.641752062428839	26923509
PlateE_E10_TCGCCTGCC-GCCAAT_R1	2770935933	143106345	5860484	2960813268	6.413012838471244	23498518
PlateE_E10_TCGCCTGCC-GCCAAT_R2	2778426391	139787276	6029447	2960813268	6.160026333683668	23498518
PlateE_E11_TGAGTCGGC-GCCAAT_R1	3236837586	160768795	7932054	3501433656	7.556792331238162	27789156
PlateE_E11_TGAGTCGGC-GCCAAT_R2	3249800382	158770097	8187337	3501433656	7.186578376797324	27789156
PlateE_E12_TTCTCCGTC-GCCAAT_R1	3225203033	163543128	9089462	3540614238	8.908375321287968	28100113
PlateE_E12_TTCTCCGTC-GCCAAT_R2	3239011932	166432866	9306788	3540614238	8.51836110138808	28100113
PlateE_E1_AACTTGAGG-GCCAAT_R1	1244500783	59722117	2816105	1321482834	5.825429511405972	10487959
PlateE_E1_AACTTGAGG-GCCAAT_R2	1246364532	59315732	2919235	1321482834	5.684394837927951	10487959
PlateE_E2_ACTACCGGT-GCCAAT_R1	1402977568	66517442	3277774	1495031580	6.157328930804257	11865330
PlateE_E2_ACTACCGGT-GCCAAT_R2	1406456469	65509247	3385955	1495031580	5.924631438220188	11865330
PlateE_E3_AGTTCAATC-GCCAAT_R1	1630321719	78869232	3541787	1733329584	5.942774296985633	13756584
PlateE_E3_AGTTCAATC-GCCAAT_R2	1637727353	73569515	3665193	1733329584	5.5155252574284805	13756584
PlateE_E4_CAGTCGCGA-GCCAAT_R1	2092318675	103938941	4959748	2241436806	6.652792110883183	17789181
PlateE_E4_CAGTCGCGA-GCCAAT_R2	2094258177	107105666	5133105	2241436806	6.566262702835264	17789181
PlateE_E5_CGACCGCGG-GCCAAT_R1	1447696560	73890311	3394492	1554857892	6.89203383481942	12340142
PlateE_E5_CGACCGCGG-GCCAAT_R2	1445256838	79822553	3506320	1554857892	7.048943479909996	12340142
PlateE_E6_CTCAGTAAG-GCCAAT_R1	2136016744	109537543	5554627	2325727782	8.157061177506284	18458157
PlateE_E6_CTCAGTAAG-GCCAAT_R2	2139238065	116535348	5708831	2325727782	8.01855309307218	18458157
PlateE_E7_GAGCGCAAT-GCCAAT_R1	1633651551	84732751	4030652	1771405020	7.77650889800459	14058770
PlateE_E7_GAGCGCAAT-GCCAAT_R2	1638659152	85440549	4160058	1771405020	7.493817986357519	14058770
PlateE_E8_GGATCCGTA-GCCAAT_R1	1688497025	83852901	4275082	1816172316	7.029910646430093	14414066
PlateE_E8_GGATCCGTA-GCCAAT_R2	1691197401	85544987	4435749	1816172316	6.881225635860864	14414066
PlateE_E9_GTCGAGGAC-GCCAAT_R1	1503429892	71553787	3344926	1606309110	6.40469616710323	12748485
PlateE_E9_GTCGAGGAC-GCCAAT_R2	1510611488	66934190	3460388	1606309110	5.957609366979186	12748485
PlateE_F10_TCGCGCCGC-GCCAAT_R1	1831575616	89202273	4374774	1958317074	6.471957972623999	15542199
PlateE_F10_TCGCGCCGC-GCCAAT_R2	1832927985	91110940	4511976	1958317074	6.402900258837247	15542199
PlateE_F11_TGCGAGACT-GCCAAT_R1	2128346278	108997629	6594999	2362414068	9.907991709436434	18749318
PlateE_F11_TGCGAGACT-GCCAAT_R2	2135720321	115371497	6792181	2362414068	9.595851551625623	18749318
PlateE_F12_TTGAACTGC-GCCAAT_R1	2475479096	128463426	5556416	2651259366	6.630066912887616	21041741
PlateE_F12_TTGAACTGC-GCCAAT_R2	2482677077	125666700	5735409	2651259366	6.358574010597197	21041741
PlateE_F1_AAGAACCAT-GCCAAT_R1	1573591079	74191619	3290772	1663876998	5.4262375829778735	13205373
PlateE_F1_AAGAACCAT-GCCAAT_R2	1579268078	69536738	3417648	1663876998	5.085046557029211	13205373
PlateE_F2_ACTGGCTCC-GCCAAT_R1	1312955234	64489663	2687330	1392678000	5.724422012841447	11053000
PlateE_F2_ACTGGCTCC-GCCAAT_R2	1318177598	60316520	2781085	1392678000	5.34943482987453	11053000
PlateE_F3_ATGCTCCAG-GCCAAT_R1	1972365342	96583926	4406678	2107388304	6.407123060506461	16725304
PlateE_F3_ATGCTCCAG-GCCAAT_R2	1976021817	96801326	4527350	2107388304	6.233615644096314	16725304
PlateE_F4_CCATCTCCA-GCCAAT_R1	2015367374	100057442	4556755	2151464490	6.325789555559896	17075115
PlateE_F4_CCATCTCCA-GCCAAT_R2	2021980372	96914084	4700746	2151464490	6.018417622128637	17075115
PlateE_F5_CGATTAAGT-GCCAAT_R1	1597892178	76853785	3530874	1698891768	5.945027923638747	13483268
PlateE_F5_CGATTAAGT-GCCAAT_R2	1601042051	75871070	3635323	1698891768	5.759620409203137	13483268
PlateE_F6_CTCCGGTAT-GCCAAT_R1	1595318105	78891043	3581064	1707999048	6.597248583478134	13555548
PlateE_F6_CTCCGGTAT-GCCAAT_R2	1599065958	78663419	3691713	1707999048	6.377819128620497	13555548
PlateE_F7_GATCGCTTC-GCCAAT_R1	3025633720	146251697	7015302	3245432274	6.772550940620861	25757399
PlateE_F7_GATCGCTTC-GCCAAT_R2	3043355815	134964661	7194911	3245432274	6.226488243766076	25757399
PlateE_F8_GGCGGTTGG-GCCAAT_R1	1820519844	85499708	4108096	1934054388	5.870287035588784	15349638
PlateE_F8_GGCGGTTGG-GCCAAT_R2	1804270443	104344565	4272667	1934054388	6.710459943901019	15349638
PlateE_F9_GTCGGCTAA-GCCAAT_R1	2551696856	121780528	5729437	2708641530	5.794220913389008	21497155
PlateE_F9_GTCGGCTAA-GCCAAT_R2	2556857970	119278401	5948155	2708641530	5.603678387076934	21497155
PlateE_G10_TCGGATATC-GCCAAT_R1	452975849	21162680	929268	479163006	5.465187560827682	3802881
PlateE_G10_TCGGATATC-GCCAAT_R2	449256928	25189427	952489	479163006	6.241316133658282	3802881
PlateE_G11_TGGACCATC-GCCAAT_R1	2056022066	98290012	4352174	2183961276	5.858126304983075	17333026
PlateE_G11_TGGACCATC-GCCAAT_R2	2068100825	88495082	4504529	2183961276	5.3050597679187055	17333026
PlateE_G12_TTGAAGGAT-GCCAAT_R1	2987674818	139988964	7015550	3208457700	6.881277630682181	25463950
PlateE_G12_TTGAAGGAT-GCCAAT_R2	2998731632	136793196	7238995	3208457700	6.536663020366452	25463950
PlateE_G1_AAGACTGAG-GCCAAT_R1	1918508097	89129219	3877869	2025037854	5.260630402023092	16071729
PlateE_G1_AAGACTGAG-GCCAAT_R2	1922136825	86564309	4004187	2025037854	5.081437307294898	16071729
PlateE_G2_ACTTCGTTA-GCCAAT_R1	1965103150	89383284	3740456	2072386008	5.176779691903807	16447508
PlateE_G2_ACTTCGTTA-GCCAAT_R2	1976131270	79379884	3834034	2072386008	4.644633655526977	16447508
PlateE_G3_ATGCTGATC-GCCAAT_R1	1452954500	68103585	3016797	1533119868	5.22890412375766	12167618
PlateE_G3_ATGCTGATC-GCCAAT_R2	1457772144	63957846	3127928	1533119868	4.914666202734254	12167618
PlateE_G4_CCGCCGGAG-GCCAAT_R1	1935101348	92797269	4129370	2054661210	5.818957471825732	16306835
PlateE_G4_CCGCCGGAG-GCCAAT_R2	1929935537	100304007	4264339	2054661210	6.070376585344695	16306835
PlateE_G5_CGCCTCGGT-GCCAAT_R1	471297626	22332896	1017591	500985702	5.925932792389353	3976077
PlateE_G5_CGCCTCGGT-GCCAAT_R2	461779630	32513546	1032575	500985702	7.825786612968049	3976077
PlateE_G6_CTCTAGGTT-GCCAAT_R1	1546235861	71673156	3852427	1665525456	7.1622799021331796	13218456
PlateE_G6_CTCTAGGTT-GCCAAT_R2	1550404432	72781472	3948549	1665525456	6.911994264949859	13218456
PlateE_G7_GATGCGAAC-GCCAAT_R1	1449014316	68009320	2951108	1531315926	5.374567625309214	12153301
PlateE_G7_GATGCGAAC-GCCAAT_R2	1451725198	66209318	3060508	1531315926	5.197538055253008	12153301
PlateE_G8_GGTAGACTT-GCCAAT_R1	2170968102	103833407	4780042	2322783414	6.535921992768285	18434789
PlateE_G8_GGTAGACTT-GCCAAT_R2	2175716409	103428294	4936214	2322783414	6.331498843740237	18434789
PlateE_G9_GTTAATTAC-GCCAAT_R1	2069496501	100285569	4438444	2200820076	5.967029128463839	17466826
PlateE_G9_GTTAATTAC-GCCAAT_R2	2080741236	91347649	4578142	2200820076	5.456095266917221	17466826
PlateE_H10_TCTATGACG-GCCAAT_R1	2433852269	119192497	5204697	2586512124	5.902151147233517	20527874
PlateE_H10_TCTATGACG-GCCAAT_R2	2441772607	113943832	5364301	2586512124	5.595934218014127	20527874
PlateE_H11_TGGTTAATG-GCCAAT_R1	1018852423	48891522	2107485	1077455862	5.439057047888612	8551237
PlateE_H11_TGGTTAATG-GCCAAT_R2	1020395304	47934061	2179416	1077455862	5.295860370009291	8551237
PlateE_H12_TTGGTCTCG-GCCAAT_R1	1555640756	75850316	3266652	1652620662	5.868249637072491	13116037
PlateE_H12_TTGGTCTCG-GCCAAT_R2	1550916304	82254994	3381291	1652620662	6.154126009589973	13116037
PlateE_H1_AAGTTGGAA-GCCAAT_R1	1472853403	68903957	2823312	1552761756	5.146208211995659	12323506
PlateE_H1_AAGTTGGAA-GCCAAT_R2	1475893643	66490104	2930867	1552761756	4.95041256026401	12323506
PlateE_H2_AGAACGAAG-GCCAAT_R1	1984195287	93743334	3662901	2091644226	5.137056181178682	16600351
PlateE_H2_AGAACGAAG-GCCAAT_R2	1988619326	90101917	3783703	2091644226	4.925546071332688	16600351
PlateE_H3_ATGGTTCGA-GCCAAT_R1	2178726229	101883950	4524925	2316729618	5.956818954088237	18386743
PlateE_H3_ATGGTTCGA-GCCAAT_R2	2190774204	92910551	4657682	2316729618	5.436776610502158	18386743
PlateE_H4_CCGGCCTTC-GCCAAT_R1	2020137755	102383294	4889203	2167993800	6.819947778448444	17206300
PlateE_H4_CCGGCCTTC-GCCAAT_R2	2019111136	108386316	5039767	2167993800	6.8673011887764615	17206300
PlateE_H5_CGCGCAGTT-GCCAAT_R1	1903675984	90899681	4143594	2013260634	5.443142738169687	15978259
PlateE_H5_CGCGCAGTT-GCCAAT_R2	1899518844	96441563	4300291	2013260634	5.649630657805829	15978259
PlateE_H6_CTTCCAAGC-GCCAAT_R1	1847232334	90203738	4315725	1974012264	6.42244895394429	15666764
PlateE_H6_CTTCCAAGC-GCCAAT_R2	1848806500	92626806	4459820	1974012264	6.342704464575707	15666764
PlateE_H7_GCAACTGCG-GCCAAT_R1	1996691330	99239963	4472551	2130715818	6.290115597198801	16910443
PlateE_H7_GCAACTGCG-GCCAAT_R2	2005620774	93438157	4618467	2130715818	5.8710337128590275	16910443
PlateE_H8_GGTCATCGC-GCCAAT_R1	2321564446	113439911	5639181	2478279762	6.323552264072436	19668887
PlateE_H8_GGTCATCGC-GCCAAT_R2	2327552300	111580239	5859403	2478279762	6.081938944550845	19668887
PlateE_H9_TAATGGAAG-GCCAAT_R1	1285537697	62480526	3198523	1381193730	6.925605794633892	10961855
PlateE_H9_TAATGGAAG-GCCAAT_R2	1286955521	64493663	3315069	1381193730	6.822953721343639	10961855
PlateF_A10_TAGGTTAGG-CTTGTA_R1	1471150020	67281536	3734517	1577655450	6.750867561101506	12521075
PlateF_A10_TAGGTTAGG-CTTGTA_R2	1460491873	79241362	3871320	1577655450	7.426436298242434	12521075
PlateF_A11_TCTCGATCG-CTTGTA_R1	1637225870	77061598	3925560	1751074038	6.501619322163693	13897413
PlateF_A11_TCTCGATCG-CTTGTA_R2	1647838616	66798824	4060555	1751074038	5.895548660975579	13897413
PlateF_A12_TTACGTCAA-CTTGTA_R1	1205928432	56605490	3490290	1306386522	7.689767791404082	10368147
PlateF_A12_TTACGTCAA-CTTGTA_R2	1214038568	49192387	3629912	1306386522	7.068961019179897	10368147
PlateF_A1_AACCAACCG-CTTGTA_R1	1615932896	80813149	4306521	1760358474	8.204327705585266	13971099
PlateF_A1_AACCAACCG-CTTGTA_R2	1625078285	72939231	4413595	1760358474	7.684809145299118	13971099
PlateF_A2_AATATTCCG-CTTGTA_R1	2174534939	101411916	4758852	2296732410	5.3204922988830035	18228035
PlateF_A2_AATATTCCG-CTTGTA_R2	2190291885	85716049	4873767	2296732410	4.634433011723817	18228035
PlateF_A3_AGAACTCTT-CTTGTA_R1	3642480223	167903138	7844438	3848796000	5.360527733867942	30546000
PlateF_A3_AGAACTCTT-CTTGTA_R2	3670180836	140351333	8075666	3848796000	4.64080621576202	30546000
PlateF_A4_ATTCGGACG-CTTGTA_R1	1318178995	66027984	3205217	1406432538	6.27499297801371	11162163
PlateF_A4_ATTCGGACG-CTTGTA_R2	1325545464	58865697	3327547	1406432538	5.751223170293292	11162163
PlateF_A5_CCTCAGAGA-CTTGTA_R1	1330328125	61837078	3026440	1408192128	5.529359343215985	11176128
PlateF_A5_CCTCAGAGA-CTTGTA_R2	1333461037	58922178	3156069	1408192128	5.30688174674983	11176128
PlateF_A6_CGCTAACGA-CTTGTA_R1	2309932607	110249164	5517697	2465527428	6.310812819722564	19567678
PlateF_A6_CGCTAACGA-CTTGTA_R2	2317244526	103846937	5711157	2465527428	6.01424670096998	19567678
PlateF_A7_GAAGGTTAC-CTTGTA_R1	1406707898	64351954	3056492	1492200108	5.729272471008292	11842858
PlateF_A7_GAAGGTTAC-CTTGTA_R2	1413520106	57787177	3157282	1492200108	5.272751394278816	11842858
PlateF_A8_GCAGTTCAG-CTTGTA_R1	1673903842	76000718	3816302	1773960174	5.6402806256010125	14079049
PlateF_A8_GCAGTTCAG-CTTGTA_R2	1682086598	68117026	3937919	1773960174	5.179010067223753	14079049
PlateF_A9_GTATATGGC-CTTGTA_R1	1936225436	91078272	5066930	2087846586	7.262082904782928	16570211
PlateF_A9_GTATATGGC-CTTGTA_R2	1949413805	78858931	5244793	2087846586	6.630409625317174	16570211
PlateF_B10_TATCAAGCC-CTTGTA_R1	2089786056	100087263	5829192	2268201600	7.86594736552518	18001600
PlateF_B10_TATCAAGCC-CTTGTA_R2	2101684649	89609265	6017924	2268201600	7.341364674110097	18001600
PlateF_B11_TCTTGACTC-CTTGTA_R1	2221015975	101569222	4825658	2362711806	5.997169466041936	18751681
PlateF_B11_TCTTGACTC-CTTGTA_R2	2237597397	85348856	4943535	2362711806	5.295373252136701	18751681
PlateF_B12_TTACTAACC-CTTGTA_R1	1677970893	74920752	3768452	1793613150	6.447446987105329	14235025
PlateF_B12_TTACTAACC-CTTGTA_R2	1692507149	60921878	3863055	1793613150	5.637001546292187	14235025
PlateF_B1_AACCGAAGT-CTTGTA_R1	1531830915	71693009	3420539	1634525046	6.282811710430041	12972421
PlateF_B1_AACCGAAGT-CTTGTA_R2	1541221345	62764255	3525938	1634525046	5.708306595137974	12972421
PlateF_B2_ACCAAGAGT-CTTGTA_R1	1744732763	76842958	3681714	1847740104	5.574774329842656	14664604
PlateF_B2_ACCAAGAGT-CTTGTA_R2	1755677663	66212598	3786596	1847740104	4.982434531820932	14664604
PlateF_B3_AGAAGAACT-CTTGTA_R1	4068635672	193086611	8965415	4329877356	6.033466135893942	34364106
PlateF_B3_AGAAGAACT-CTTGTA_R2	4093588187	168719148	9320082	4329877356	5.4571792587281776	34364106
PlateF_B4_CAGAATGCT-CTTGTA_R1	1278466951	58042879	3425875	1361117520	6.072258110379771	10802520
PlateF_B4_CAGAATGCT-CTTGTA_R2	1281875728	55102411	3608588	1361117520	5.821818530408748	10802520
PlateF_B5_CCTGAACCA-CTTGTA_R1	2565621452	123023858	5994434	2743122060	6.470751359857461	21770810
PlateF_B5_CCTGAACCA-CTTGTA_R2	2583654536	105918113	6204625	2743122060	5.813358666219905	21770810
PlateF_B6_CGCTCGCTC-CTTGTA_R1	1084771554	52330325	2800234	1164556512	6.851102301852055	9242512
PlateF_B6_CGCTCGCTC-CTTGTA_R2	1090743921	46811487	2904692	1164556512	6.338257546062308	9242512
PlateF_B7_GAAGTCCTC-CTTGTA_R1	2346609127	113640892	7236766	2589807906	9.390610725859757	20554031
PlateF_B7_GAAGTCCTC-CTTGTA_R2	2367052596	94819462	7470568	2589807906	8.601229051927993	20554031
PlateF_B8_GCCGCTGGC-CTTGTA_R1	892497509	44948374	2341075	965870892	7.596603604863579	7665642
PlateF_B8_GCCGCTGGC-CTTGTA_R2	900147707	37626115	2425649	965870892	6.804551782682773	7665642
PlateF_B9_GTATTATCT-CTTGTA_R1	2078004607	99095100	5000213	2236057866	7.068388587042048	17746491
PlateF_B9_GTATTATCT-CTTGTA_R2	2098895656	78830443	5136956	2236057866	6.134108248520613	17746491
PlateF_C10_TATGGATAA-CTTGTA_R1	1739612253	81349860	3621274	1842695442	5.59415227554462	14624567
PlateF_C10_TATGGATAA-CTTGTA_R2	1751093081	69913787	3743716	1842695442	4.9711069399823264	14624567
PlateF_C11_TGAACCTGA-CTTGTA_R1	2176923128	105250173	5606415	2355463908	7.579856324421337	18694158
PlateF_C11_TGAACCTGA-CTTGTA_R2	2192573153	90729845	5769077	2355463908	6.915442620316304	18694158
PlateF_C12_TTAGAAGTT-CTTGTA_R1	1432213381	65237530	3656600	1533075390	6.579063864563111	12167265
PlateF_C12_TTAGAAGTT-CTTGTA_R2	1441738260	56160170	3775442	1533075390	5.957771587475551	12167265
PlateF_C1_AACCTCTCT-CTTGTA_R1	2507709080	118118185	6199922	2684315214	6.579187611012065	21304089
PlateF_C1_AACCTCTCT-CTTGTA_R2	2529144008	97254408	6376927	2684315214	5.780662613343888	21304089
PlateF_C2_ACCGGAGCG-CTTGTA_R1	1845228090	88415476	4234642	1979597340	6.787706130176958	15711090
PlateF_C2_ACCGGAGCG-CTTGTA_R2	1855041619	79347155	4356756	1979597340	6.291972538213251	15711090
PlateF_C3_AGAATATGC-CTTGTA_R1	2927022770	138508855	6230293	3119024664	6.155831219166018	24754164
PlateF_C3_AGAATATGC-CTTGTA_R2	2944923824	121387698	6405547	3119024664	5.581900073105674	24754164
PlateF_C4_CAGAGGTAG-CTTGTA_R1	1513861765	67758353	3404121	1602139266	5.509976746303651	12715391
PlateF_C4_CAGAGGTAG-CTTGTA_R2	1494927634	87386602	3549304	1602139266	6.691779814352293	12715391
PlateF_C5_CCTGATTGG-CTTGTA_R1	1584345691	73812976	3914367	1696344426	6.602358181710439	13463051
PlateF_C5_CCTGATTGG-CTTGTA_R2	1591472233	67459928	4043892	1696344426	6.182246446689477	13463051
PlateF_C6_CGGACCTCG-CTTGTA_R1	1512346320	71017435	3747285	1614373740	6.3199380336798585	12812490
PlateF_C6_CGGACCTCG-CTTGTA_R2	1519665508	64153910	3884922	1614373740	5.866561729379964	12812490
PlateF_C7_GAATGAATT-CTTGTA_R1	1760673004	82903757	4038815	1878696540	6.282203298250605	14910290
PlateF_C7_GAATGAATT-CTTGTA_R2	1776289541	67483910	4177216	1878696540	5.450960110886243	14910290
PlateF_C8_GCTGGAGTA-CTTGTA_R1	1555392020	70215433	3541979	1648129140	5.626811500948281	13080390
PlateF_C8_GCTGGAGTA-CTTGTA_R2	1564971022	60743610	3682309	1648129140	5.0456069237389976	13080390
PlateF_C9_GTCAACCGT-CTTGTA_R1	1531553626	71366893	3688753	1633786560	6.25742287903262	12966560
PlateF_C9_GTCAACCGT-CTTGTA_R2	1541187618	62096119	3819135	1633786560	5.6677502598625855	12966560
PlateF_D10_TCCTCTCGG-CTTGTA_R1	1162234684	54261244	2611813	1233310302	5.762995564436629	9788177
PlateF_D10_TCCTCTCGG-CTTGTA_R2	1170050242	46562258	2676959	1233310302	5.129289838689761	9788177
PlateF_D11_TGAGGTCTG-CTTGTA_R1	2380266961	106941042	5410692	2527070616	5.809242293053515	20056116
PlateF_D11_TGAGGTCTG-CTTGTA_R2	2389458371	98258764	5567844	2527070616	5.445524320876358	20056116
PlateF_D12_TTATAGTTC-CTTGTA_R1	1781166553	83584852	4216375	1909026504	6.697651956748317	15151004
PlateF_D12_TTATAGTTC-CTTGTA_R2	1793872728	71456534	4324829	1909026504	6.032067954987387	15151004
PlateF_D1_AACGCAACC-CTTGTA_R1	2139525800	98779154	5126142	2272052412	5.8329029427337	18032162
PlateF_D1_AACGCAACC-CTTGTA_R2	2149705946	88935323	5326863	2272052412	5.384843472528133	18032162
PlateF_D2_ACGTTCTGC-CTTGTA_R1	1095060365	50923662	2535041	1159778214	5.580191817605568	9204589
PlateF_D2_ACGTTCTGC-CTTGTA_R2	1099436305	46686815	2629839	1159778214	5.2028834713048	9204589
PlateF_D3_AGTCAAGTA-CTTGTA_R1	1667017634	75761114	3854065	1765432242	5.5745332875822715	14011367
PlateF_D3_AGTCAAGTA-CTTGTA_R2	1673900665	69078565	4012428	1765432242	5.184655339493907	14011367
PlateF_D4_CAGATTCAA-CTTGTA_R1	1430866170	66853802	3045449	1513205820	5.44140452750836	12009570
PlateF_D4_CAGATTCAA-CTTGTA_R2	1439904519	57962289	3143336	1513205820	4.844106467948953	12009570
PlateF_D5_CCTTGGTAC-CTTGTA_R1	1743442719	81419543	4513542	1885527756	7.535557965024196	14964506
PlateF_D5_CCTTGGTAC-CTTGTA_R2	1754405594	71875370	4628973	1885527756	6.954135869002822	14964506
PlateF_D6_CGGTTGGCG-CTTGTA_R1	1148340171	54122812	2931013	1240088472	7.398528659171344	9841972
PlateF_D6_CGGTTGGCG-CTTGTA_R2	1153985656	49419400	3009569	1240088472	6.9432800920352395	9841972
PlateF_D7_GACTAGTCC-CTTGTA_R1	2125006682	97706399	4789184	2250905328	5.593244835039993	17864328
PlateF_D7_GACTAGTCC-CTTGTA_R2	2137955195	84835589	4979081	2250905328	5.017986833784774	17864328
PlateF_D8_GGACTCCAA-CTTGTA_R1	1463532400	68479719	3300303	1553064786	5.764884170131458	12325911
PlateF_D8_GGACTCCAA-CTTGTA_R2	1474588686	57579832	3427069	1553064786	5.052983024753225	12325911
PlateF_D9_GTCCTTGAT-CTTGTA_R1	1951347906	90024969	4635897	2075699052	5.990808054769974	16473802
PlateF_D9_GTCCTTGAT-CTTGTA_R2	1966175023	75456860	4792073	2075699052	5.276488848153119	16473802
PlateF_E10_TCGCCTGCC-CTTGTA_R1	1929089629	93233774	4543719	2055962916	6.170991023847825	16317166
PlateF_E10_TCGCCTGCC-CTTGTA_R2	1940678884	82023963	4695944	2055962916	5.607301138694274	16317166
PlateF_E11_TGAGTCGGC-CTTGTA_R1	1848545392	86812691	4117197	1963925964	5.874996008759932	15586714
PlateF_E11_TGAGTCGGC-CTTGTA_R2	1858439904	77155252	4277066	1963925964	5.371183126738274	15586714
PlateF_E12_TTCTCCGTC-CTTGTA_R1	2315604372	113828919	6711076	2530591308	8.495521790514267	20084058
PlateF_E12_TTCTCCGTC-CTTGTA_R2	2333828971	97044275	6892369	2530591308	7.775350226564518	20084058
PlateF_E1_AACTTGAGG-CTTGTA_R1	2074430343	107864791	7933493	2378229840	12.774185736396277	18874840
PlateF_E1_AACTTGAGG-CTTGTA_R2	2088671298	99340673	8129015	2378229840	12.175380912721202	18874840
PlateF_E2_ACTACCGGT-CTTGTA_R1	2515590013	120371045	5513706	2671251534	5.827288034044045	21200409
PlateF_E2_ACTACCGGT-CTTGTA_R2	2532065821	104234003	5673141	2671251534	5.210505683513068	21200409
PlateF_E3_AGTTCAATC-CTTGTA_R1	1044762	105300	2631	1182132	11.620529687040026	9382
PlateF_E3_AGTTCAATC-CTTGTA_R2	800638	359020	2345	1182132	32.271692162973345	9382
PlateF_E4_CAGTCGCGA-CTTGTA_R1	1764508691	89870918	3851308	1884227058	6.353712334811402	14954183
PlateF_E4_CAGTCGCGA-CTTGTA_R2	1772207522	82761406	3980084	1884227058	5.945118743751741	14954183
PlateF_E5_CGACCGCGG-CTTGTA_R1	1666733157	81601634	3640104	1771231770	5.8997707002511595	14057395
PlateF_E5_CGACCGCGG-CTTGTA_R2	1671971276	76666957	3754641	1771231770	5.6040375788878265	14057395
PlateF_E6_CTCAGTAAG-CTTGTA_R1	2408283012	112399619	5044886	2549168244	5.526713755814384	20231494
PlateF_E6_CTCAGTAAG-CTTGTA_R2	2419417454	101685907	5177866	2549168244	5.089926500747669	20231494
PlateF_E7_GAGCGCAAT-CTTGTA_R1	1818088657	87279028	3847815	1931218380	5.857945645691297	15327130
PlateF_E7_GAGCGCAAT-CTTGTA_R2	1829596590	75946054	3971786	1931218380	5.262055863407846	15327130
PlateF_E8_GGATCCGTA-CTTGTA_R1	1691300130	79105861	3759841	1796520474	5.85689645750177	14258099
PlateF_E8_GGATCCGTA-CTTGTA_R2	1700491754	70079181	3897846	1796520474	5.345261653834066	14258099
PlateF_E9_GTCGAGGAC-CTTGTA_R1	2226855000	106608018	4825121	2362097304	5.725517901865401	18746804
PlateF_E9_GTCGAGGAC-CTTGTA_R2	2247843717	85613280	4987377	2362097304	4.836955141793769	18746804
PlateF_F10_TCGCGCCGC-CTTGTA_R1	1506302645	69963941	3451785	1600627770	5.893008153919508	12703395
PlateF_F10_TCGCGCCGC-CTTGTA_R2	1516177465	60301412	3558005	1600627770	5.276073961905584	12703395
PlateF_F11_TGCGAGACT-CTTGTA_R1	1954010285	88624272	4152598	2074984506	5.83012647324317	16468131
PlateF_F11_TGCGAGACT-CTTGTA_R2	1967302922	75523286	4281732	2074984506	5.189512677739484	16468131
PlateF_F12_TTGAACTGC-CTTGTA_R1	2003288733	100035466	5029758	2179921716	8.102721382312245	17300966
PlateF_F12_TTGAACTGC-CTTGTA_R2	2019535679	84810602	5164199	2179921716	7.3574218662446675	17300966
PlateF_F1_AAGAACCAT-CTTGTA_R1	1837918776	89279617	4062868	1947520890	5.62777603890041	15456515
PlateF_F1_AAGAACCAT-CTTGTA_R2	1845066806	82193586	4222859	1947520890	5.2607437756418625	15456515
PlateF_F2_ACTGGCTCC-CTTGTA_R1	959194518	43700864	2237238	1013260500	5.335842263662701	8041750
PlateF_F2_ACTGGCTCC-CTTGTA_R2	964350266	38489432	2332011	1013260500	4.827014770634007	8041750
PlateF_F3_ATGCTCCAG-CTTGTA_R1	5435857227	248321215	12602986	5764304952	5.6979588646856865	45748452
PlateF_F3_ATGCTCCAG-CTTGTA_R2	5463509147	221583199	12997022	5764304952	5.218249338033981	45748452
PlateF_F4_CCATCTCCA-CTTGTA_R1	1774641519	82234549	4308038	1878503004	5.5289496358984795	14908754
PlateF_F4_CCATCTCCA-CTTGTA_R2	1785230118	71782317	4467801	1878503004	4.96527744706231	14908754
PlateF_F5_CGATTAAGT-CTTGTA_R1	2118869358	97958904	5044942	2269461852	6.635603672619037	18011602
PlateF_F5_CGATTAAGT-CTTGTA_R2	2130943947	86839421	5179929	2269461852	6.103557320336927	18011602
PlateF_F6_CTCCGGTAT-CTTGTA_R1	1585486028	69877456	3476737	1677867912	5.50590921605276	13316412
PlateF_F6_CTCCGGTAT-CTTGTA_R2	1596036369	59574872	3580328	1677867912	4.877114724868759	13316412
PlateF_F7_GATCGCTTC-CTTGTA_R1	1127756992	53221092	2715846	1205418186	6.442676483727781	9566811
PlateF_F7_GATCGCTTC-CTTGTA_R2	1137140647	44075002	2795542	1205418186	5.664220085028649	9566811
PlateF_F8_GGCGGTTGG-CTTGTA_R1	1639694609	77117326	3642619	1746182466	6.0983235757677114	13858591
PlateF_F8_GGCGGTTGG-CTTGTA_R2	1641928849	75445265	3759413	1746182466	5.970373602411376	13858591
PlateF_F9_GTCGGCTAA-CTTGTA_R1	637083990	30114132	1562235	685270782	7.031788493792808	5438657
PlateF_F9_GTCGGCTAA-CTTGTA_R2	641807315	25618062	1610064	685270782	6.342524465022353	5438657
PlateF_G10_TCGGATATC-CTTGTA_R1	1781240647	81428743	3700491	1880283636	5.267449394533793	14922886
PlateF_G10_TCGGATATC-CTTGTA_R2	1789823276	72887439	3815531	1880283636	4.810995440689992	14922886
PlateF_G11_TGGACCATC-CTTGTA_R1	1697802294	79306389	3878481	1814644944	6.438871162445981	14401944
PlateF_G11_TGGACCATC-CTTGTA_R2	1711653054	65795293	3992936	1814644944	5.6755945751556345	14401944
PlateF_G12_TTGAAGGAT-CTTGTA_R1	2639299138	124105833	7717971	2902877334	9.079894383163763	23038709
PlateF_G12_TTGAAGGAT-CTTGTA_R2	2658922918	106437941	7917968	2902877334	8.403883041928081	23038709
PlateF_G1_AAGACTGAG-CTTGTA_R1	2028488109	96648926	4155026	2155171158	5.878096898696525	17104533
PlateF_G1_AAGACTGAG-CTTGTA_R2	2034482737	91026508	4282537	2155171158	5.599945997421334	17104533
PlateF_G2_ACTTCGTTA-CTTGTA_R1	2831082034	127982442	6164148	3011483034	5.990437201978273	23900659
PlateF_G2_ACTTCGTTA-CTTGTA_R2	2858510924	100828237	6333309	3011483034	5.079627156219271	23900659
PlateF_G3_ATGCTGATC-CTTGTA_R1	3324494737	151098221	8385716	3579959880	7.135977819952552	28412380
PlateF_G3_ATGCTGATC-CTTGTA_R2	3347369415	129850886	8633182	3579959880	6.497013173231428	28412380
PlateF_G4_CCGCCGGAG-CTTGTA_R1	1817602770	83608548	4072710	1939543956	6.287106080930707	15393206
PlateF_G4_CCGCCGGAG-CTTGTA_R2	1822409115	79587355	4184712	1939543956	6.039298085389718	15393206
PlateF_G5_CGCCTCGGT-CTTGTA_R1	1825062038	84699098	3763867	1934040780	5.634769603979085	15349530
PlateF_G5_CGCCTCGGT-CTTGTA_R2	1831109141	78941130	3854549	1934040780	5.322102825567101	15349530
PlateF_G6_CTCTAGGTT-CTTGTA_R1	2328869064	106477358	5394024	2496066426	6.69843399432031	19810051
PlateF_G6_CTCTAGGTT-CTTGTA_R2	2343879340	92439832	5511434	2496066426	6.097076761049307	19810051
PlateF_G7_GATGCGAAC-CTTGTA_R1	2042260573	96905289	5083281	2202018462	7.255065829688761	17476337
PlateF_G7_GATGCGAAC-CTTGTA_R2	2058449615	81417592	5241716	2202018462	6.519874809296672	17476337
PlateF_G8_GGTAGACTT-CTTGTA_R1	1706641053	75332612	3597934	1803334806	5.36194125895444	14312181
PlateF_G8_GGTAGACTT-CTTGTA_R2	1714365082	67681624	3722492	1803334806	4.933622070842457	14312181
PlateF_G9_GTTAATTAC-CTTGTA_R1	2014930174	93851679	4611199	2149125930	6.244201613629966	17056555
PlateF_G9_GTTAATTAC-CTTGTA_R2	2034726326	74282264	4751471	2149125930	5.323075879504185	17056555
PlateF_H10_TCTATGACG-CTTGTA_R1	1776597507	87482391	4574278	1926178758	7.765699334952379	15287133
PlateF_H10_TCTATGACG-CTTGTA_R2	1790866007	73848643	4682915	1926178758	7.024932158451308	15287133
PlateF_H11_TGGTTAATG-CTTGTA_R1	1503256550	70624271	3344737	1602522306	6.194344729451772	12718431
PlateF_H11_TGGTTAATG-CTTGTA_R2	1512212541	61993928	3418534	1602522306	5.635476315173363	12718431
PlateF_H12_TTGGTCTCG-CTTGTA_R1	1609118978	76438911	3864011	1730832012	7.032053553213344	13736762
PlateF_H12_TTGGTCTCG-CTTGTA_R2	1615480604	70719481	3947164	1730832012	6.664506272143064	13736762
PlateF_H1_AAGTTGGAA-CTTGTA_R1	1979415675	93265403	4619424	2134750212	7.276473665481946	16942462
PlateF_H1_AAGTTGGAA-CTTGTA_R2	1990730606	82716646	4781231	2134750212	6.746438304136353	16942462
PlateF_H2_AGAACGAAG-CTTGTA_R1	3104710269	147625333	6466201	3290279076	5.639910862077889	26113326
PlateF_H2_AGAACGAAG-CTTGTA_R2	3118289216	134445733	6653064	3290279076	5.22721191811755	26113326
PlateF_H3_ATGGTTCGA-CTTGTA_R1	1722767712	80599152	3979968	1834428456	6.086950059828335	14558956
PlateF_H3_ATGGTTCGA-CTTGTA_R2	1726817029	77113682	4114538	1834428456	5.866210080203858	14558956
PlateF_H4_CCGGCCTTC-CTTGTA_R1	986207174	53277368	3832721	1137747870	13.319356598751531	9029745
PlateF_H4_CCGGCCTTC-CTTGTA_R2	992293128	50704020	3922442	1137747870	12.784444237192902	9029745
PlateF_H5_CGCGCAGTT-CTTGTA_R1	1597641113	77326817	4717203	1755548046	8.994737191032138	13932921
PlateF_H5_CGCGCAGTT-CTTGTA_R2	1605861956	71282527	4863325	1755548046	8.526459320840484	13932921
PlateF_H6_CTTCCAAGC-CTTGTA_R1	1487017062	69534615	3586135	1589690844	6.458726386172732	12616594
PlateF_H6_CTTCCAAGC-CTTGTA_R2	1494739429	62457246	3708308	1589690844	5.9729484734957685	12616594
PlateF_H7_GCAACTGCG-CTTGTA_R1	2502829212	127372371	7515125	2765545398	9.49961574270277	21948773
PlateF_H7_GCAACTGCG-CTTGTA_R2	2526148585	105647418	7718955	2765545398	8.656405104509515	21948773
PlateF_H8_GGTCATCGC-CTTGTA_R1	2705221477	137686987	8601360	3009126834	10.099453222316384	23881959
PlateF_H8_GGTCATCGC-CTTGTA_R2	2726284001	119286663	8823707	3009126834	9.399498545696728	23881959
PlateF_H9_TAATGGAAG-CTTGTA_R1	1635406278	78233565	4320910	1774602774	7.843811473721949	14084149
PlateF_H9_TAATGGAAG-CTTGTA_R2	1645353193	69198788	4431303	1774602774	7.283296458996745	14084149
