	125	126
Sample_PRO1322_PlateA_A10_R1	689931.0	7726828.0
	125	126
Sample_PRO1322_PlateA_A10_R2	689931.0	7726828.0
	125	126
Sample_PRO1322_PlateA_A11_R1	840896.0	10461504.0
	125	126
Sample_PRO1322_PlateA_A11_R2	840896.0	10461504.0
	125	126
Sample_PRO1322_PlateA_A12_R1	19485.0	200986.0
	125	126
Sample_PRO1322_PlateA_A12_R2	19485.0	200986.0
	125	126
Sample_PRO1322_PlateA_A1_R1	718987.0	10190276.0
	125	126
Sample_PRO1322_PlateA_A1_R2	718987.0	10190276.0
	125	126
Sample_PRO1322_PlateA_A2_R1	1433894.0	16321937.0
	125	126
Sample_PRO1322_PlateA_A2_R2	1433894.0	16321937.0
	125	126
Sample_PRO1322_PlateA_A3_R1	1152144.0	12497673.0
	125	126
Sample_PRO1322_PlateA_A3_R2	1152144.0	12497673.0
	125	126
Sample_PRO1322_PlateA_A4_R1	1498945.0	17046433.0
	125	126
Sample_PRO1322_PlateA_A4_R2	1498945.0	17046433.0
	125	126
Sample_PRO1322_PlateA_A5_R1	1014830.0	16194185.0
	125	126
Sample_PRO1322_PlateA_A5_R2	1014830.0	16194185.0
	125	126
Sample_PRO1322_PlateA_A6_R1	1198620.0	16129226.0
	125	126
Sample_PRO1322_PlateA_A6_R2	1198620.0	16129226.0
	125	126
Sample_PRO1322_PlateA_A7_R1	10208.0	120566.0
	125	126
Sample_PRO1322_PlateA_A7_R2	10208.0	120566.0
	125	126
Sample_PRO1322_PlateA_A8_R1	1185283.0	14317049.0
	125	126
Sample_PRO1322_PlateA_A8_R2	1185283.0	14317049.0
	125	126
Sample_PRO1322_PlateA_A9_R1	2271146.0	22736629.0
	125	126
Sample_PRO1322_PlateA_A9_R2	2271146.0	22736629.0
	125	126
Sample_PRO1322_PlateA_B10_R1	46256.0	465298.0
	125	126
Sample_PRO1322_PlateA_B10_R2	46256.0	465298.0
	125	126
Sample_PRO1322_PlateA_B11_R1	1404110.0	16002561.0
	125	126
Sample_PRO1322_PlateA_B11_R2	1404110.0	16002561.0
	125	126
Sample_PRO1322_PlateA_B12_R1	1691457.0	17433869.0
	125	126
Sample_PRO1322_PlateA_B12_R2	1691457.0	17433869.0
	125	126
Sample_PRO1322_PlateA_B2_R1	1469115.0	17080928.0
	125	126
Sample_PRO1322_PlateA_B2_R2	1469115.0	17080928.0
	125	126
Sample_PRO1322_PlateA_B3_R1	882918.0	9309866.0
	125	126
Sample_PRO1322_PlateA_B3_R2	882918.0	9309866.0
	125	126
Sample_PRO1322_PlateA_B4_R1	1498824.0	17086780.0
	125	126
Sample_PRO1322_PlateA_B4_R2	1498824.0	17086780.0
	125	126
Sample_PRO1322_PlateA_B5_R1	876301.0	15189996.0
	125	126
Sample_PRO1322_PlateA_B5_R2	876301.0	15189996.0
	125	126
Sample_PRO1322_PlateA_B6_R1	67039.0	1284634.0
	125	126
Sample_PRO1322_PlateA_B6_R2	67039.0	1284634.0
	125	126
Sample_PRO1322_PlateA_B7_R1	335438.0	4001069.0
	125	126
Sample_PRO1322_PlateA_B7_R2	335438.0	4001069.0
	125	126
Sample_PRO1322_PlateA_B8_R1	230253.0	3586279.0
	125	126
Sample_PRO1322_PlateA_B8_R2	230253.0	3586279.0
	125	126
Sample_PRO1322_PlateA_C10_R1	1274619.0	13233289.0
	125	126
Sample_PRO1322_PlateA_C10_R2	1274619.0	13233289.0
	125	126
Sample_PRO1322_PlateA_C11_R1	38996.0	420676.0
	125	126
Sample_PRO1322_PlateA_C11_R2	38996.0	420676.0
	125	126
Sample_PRO1322_PlateA_C1_R1	649055.0	8089511.0
	125	126
Sample_PRO1322_PlateA_C1_R2	649055.0	8089511.0
	125	126
Sample_PRO1322_PlateA_C3_R1	550480.0	6257494.0
	125	126
Sample_PRO1322_PlateA_C3_R2	550480.0	6257494.0
	125	126
Sample_PRO1322_PlateA_C5_R1	1286423.0	16957170.0
	125	126
Sample_PRO1322_PlateA_C5_R2	1286423.0	16957170.0
	125	126
Sample_PRO1322_PlateA_C6_R1	651923.0	8665202.0
	125	126
Sample_PRO1322_PlateA_C6_R2	651923.0	8665202.0
	125	126
Sample_PRO1322_PlateA_C7_R1	660622.0	6894303.0
	125	126
Sample_PRO1322_PlateA_C7_R2	660622.0	6894303.0
	125	126
Sample_PRO1322_PlateA_C8_R1	1179294.0	14462781.0
	125	126
Sample_PRO1322_PlateA_C8_R2	1179294.0	14462781.0
	125	126
Sample_PRO1322_PlateA_C9_R1	1342857.0	15022904.0
	125	126
Sample_PRO1322_PlateA_C9_R2	1342857.0	15022904.0
	125	126
Sample_PRO1322_PlateA_D10_R1	1213803.0	16134321.0
	125	126
Sample_PRO1322_PlateA_D10_R2	1213803.0	16134321.0
	125
Sample_PRO1322_PlateA_D11_R1	3.0
	125
Sample_PRO1322_PlateA_D11_R2	3.0
	125
Sample_PRO1322_PlateA_D12_R1	2.0
	125
Sample_PRO1322_PlateA_D12_R2	2.0
	125	126
Sample_PRO1322_PlateA_D1_R1	181712.0	2605830.0
	125	126
Sample_PRO1322_PlateA_D1_R2	181712.0	2605830.0
	125	126
Sample_PRO1322_PlateA_D2_R1	1056967.0	13295879.0
	125	126
Sample_PRO1322_PlateA_D2_R2	1056967.0	13295879.0
	125	126
Sample_PRO1322_PlateA_D3_R1	538031.0	5692405.0
	125	126
Sample_PRO1322_PlateA_D3_R2	538031.0	5692405.0
	125	126
Sample_PRO1322_PlateA_D4_R1	1055621.0	12161434.0
	125	126
Sample_PRO1322_PlateA_D4_R2	1055621.0	12161434.0
	125	126
Sample_PRO1322_PlateA_D5_R1	756728.0	12939207.0
	125	126
Sample_PRO1322_PlateA_D5_R2	756728.0	12939207.0
	125	126
Sample_PRO1322_PlateA_D6_R1	915102.0	12907701.0
	125	126
Sample_PRO1322_PlateA_D6_R2	915102.0	12907701.0
	125	126
Sample_PRO1322_PlateA_D7_R1	1315882.0	15194808.0
	125	126
Sample_PRO1322_PlateA_D7_R2	1315882.0	15194808.0
	125	126
Sample_PRO1322_PlateA_D8_R1	8811.0	98996.0
	125	126
Sample_PRO1322_PlateA_D8_R2	8811.0	98996.0
	125	126
Sample_PRO1322_PlateA_D9_R1	2110981.0	22581820.0
	125	126
Sample_PRO1322_PlateA_D9_R2	2110981.0	22581820.0
	125	126
Sample_PRO1322_PlateA_E10_R1	11156.0	153791.0
	125	126
Sample_PRO1322_PlateA_E10_R2	11156.0	153791.0
	125	126
Sample_PRO1322_PlateA_E11_R1	1349273.0	16266432.0
	125	126
Sample_PRO1322_PlateA_E11_R2	1349273.0	16266432.0
	125	126
Sample_PRO1322_PlateA_E1_R1	1279878.0	16032947.0
	125	126
Sample_PRO1322_PlateA_E1_R2	1279878.0	16032947.0
	125	126
Sample_PRO1322_PlateA_E2_R1	1143696.0	12968795.0
	125	126
Sample_PRO1322_PlateA_E2_R2	1143696.0	12968795.0
	125	126
Sample_PRO1322_PlateA_E3_R1	1574030.0	17181016.0
	125	126
Sample_PRO1322_PlateA_E3_R2	1574030.0	17181016.0
	125	126
Sample_PRO1322_PlateA_E4_R1	467104.0	6608055.0
	125	126
Sample_PRO1322_PlateA_E4_R2	467104.0	6608055.0
	125	126
Sample_PRO1322_PlateA_E5_R1	368867.0	6058891.0
	125	126
Sample_PRO1322_PlateA_E5_R2	368867.0	6058891.0
	125	126
Sample_PRO1322_PlateA_E6_R1	1714951.0	19055176.0
	125	126
Sample_PRO1322_PlateA_E6_R2	1714951.0	19055176.0
	125	126
Sample_PRO1322_PlateA_E7_R1	4201.0	51942.0
	125	126
Sample_PRO1322_PlateA_E7_R2	4201.0	51942.0
	125	126
Sample_PRO1322_PlateA_E8_R1	1068384.0	11681694.0
	125	126
Sample_PRO1322_PlateA_E8_R2	1068384.0	11681694.0
	125	126
Sample_PRO1322_PlateA_E9_R1	1460521.0	17006670.0
	125	126
Sample_PRO1322_PlateA_E9_R2	1460521.0	17006670.0
	125	126
Sample_PRO1322_PlateA_F10_R1	742840.0	10355396.0
	125	126
Sample_PRO1322_PlateA_F10_R2	742840.0	10355396.0
	126
Sample_PRO1322_PlateA_F11_R1	1.0
	126
Sample_PRO1322_PlateA_F11_R2	1.0
	125	126
Sample_PRO1322_PlateA_F2_R1	505261.0	6911341.0
	125	126
Sample_PRO1322_PlateA_F2_R2	505261.0	6911341.0
	125	126
Sample_PRO1322_PlateA_F3_R1	1207824.0	13668471.0
	125	126
Sample_PRO1322_PlateA_F3_R2	1207824.0	13668471.0
	125	126
Sample_PRO1322_PlateA_F4_R1	472207.0	7834990.0
	125	126
Sample_PRO1322_PlateA_F4_R2	472207.0	7834990.0
	125	126
Sample_PRO1322_PlateA_F5_R1	1253765.0	13380629.0
	125	126
Sample_PRO1322_PlateA_F5_R2	1253765.0	13380629.0
	125	126
Sample_PRO1322_PlateA_F6_R1	714359.0	9085533.0
	125	126
Sample_PRO1322_PlateA_F6_R2	714359.0	9085533.0
	125	126
Sample_PRO1322_PlateA_F7_R1	511634.0	5918360.0
	125	126
Sample_PRO1322_PlateA_F7_R2	511634.0	5918360.0
	125	126
Sample_PRO1322_PlateA_F8_R1	851730.0	11114730.0
	125	126
Sample_PRO1322_PlateA_F8_R2	851730.0	11114730.0
	125	126
Sample_PRO1322_PlateA_F9_R1	1192784.0	13878799.0
	125	126
Sample_PRO1322_PlateA_F9_R2	1192784.0	13878799.0
	125	126
Sample_PRO1322_PlateA_G11_R1	3119491.0	36320467.0
	125	126
Sample_PRO1322_PlateA_G11_R2	3119491.0	36320467.0
	125	126
Sample_PRO1322_PlateA_G1_R1	1019090.0	12712180.0
	125	126
Sample_PRO1322_PlateA_G1_R2	1019090.0	12712180.0
	125	126
Sample_PRO1322_PlateA_G2_R1	1353149.0	14261194.0
	125	126
Sample_PRO1322_PlateA_G2_R2	1353149.0	14261194.0
	125	126
Sample_PRO1322_PlateA_G3_R1	909689.0	10776153.0
	125	126
Sample_PRO1322_PlateA_G3_R2	909689.0	10776153.0
	125	126
Sample_PRO1322_PlateA_G4_R1	391382.0	11038492.0
	125	126
Sample_PRO1322_PlateA_G4_R2	391382.0	11038492.0
	125	126
Sample_PRO1322_PlateA_G6_R1	1296820.0	14802549.0
	125	126
Sample_PRO1322_PlateA_G6_R2	1296820.0	14802549.0
	125	126
Sample_PRO1322_PlateA_G7_R1	13994.0	175920.0
	125	126
Sample_PRO1322_PlateA_G7_R2	13994.0	175920.0
	125	126
Sample_PRO1322_PlateA_G8_R1	303212.0	3184565.0
	125	126
Sample_PRO1322_PlateA_G8_R2	303212.0	3184565.0
	125	126
Sample_PRO1322_PlateA_G9_R1	1605005.0	16200973.0
	125	126
Sample_PRO1322_PlateA_G9_R2	1605005.0	16200973.0
	125	126
Sample_PRO1322_PlateA_H10_R1	1166576.0	12488560.0
	125	126
Sample_PRO1322_PlateA_H10_R2	1166576.0	12488560.0
	125	126
Sample_PRO1322_PlateA_H1_R1	1276804.0	15259287.0
	125	126
Sample_PRO1322_PlateA_H1_R2	1276804.0	15259287.0
	125	126
Sample_PRO1322_PlateA_H2_R1	1201465.0	14493816.0
	125	126
Sample_PRO1322_PlateA_H2_R2	1201465.0	14493816.0
	125	126
Sample_PRO1322_PlateA_H3_R1	1310874.0	14948033.0
	125	126
Sample_PRO1322_PlateA_H3_R2	1310874.0	14948033.0
	125	126
Sample_PRO1322_PlateA_H4_R1	409738.0	8898460.0
	125	126
Sample_PRO1322_PlateA_H4_R2	409738.0	8898460.0
	125	126
Sample_PRO1322_PlateA_H5_R1	749470.0	12751867.0
	125	126
Sample_PRO1322_PlateA_H5_R2	749470.0	12751867.0
	125	126
Sample_PRO1322_PlateA_H6_R1	7680.0	109966.0
	125	126
Sample_PRO1322_PlateA_H6_R2	7680.0	109966.0
	125	126
Sample_PRO1322_PlateA_H7_R1	11923.0	148819.0
	125	126
Sample_PRO1322_PlateA_H7_R2	11923.0	148819.0
	125	126
Sample_PRO1322_PlateA_H8_R1	926451.0	10797771.0
	125	126
Sample_PRO1322_PlateA_H8_R2	926451.0	10797771.0
	125	126
Sample_PRO1322_PlateA_H9_R1	908658.0	9675162.0
	125	126
Sample_PRO1322_PlateA_H9_R2	908658.0	9675162.0
	125	126
Sample_PRO1322_PlateB_A10_R1	861375.0	10048866.0
	125	126
Sample_PRO1322_PlateB_A10_R2	861375.0	10048866.0
	125	126
Sample_PRO1322_PlateB_A11_R1	4.0	100.0
	125	126
Sample_PRO1322_PlateB_A11_R2	4.0	100.0
	125	126
Sample_PRO1322_PlateB_A12_R1	1243707.0	14117412.0
	125	126
Sample_PRO1322_PlateB_A12_R2	1243707.0	14117412.0
	126
Sample_PRO1322_PlateB_A1_R1	1.0
	126
Sample_PRO1322_PlateB_A1_R2	1.0
	125	126
Sample_PRO1322_PlateB_A2_R1	1566462.0	16908016.0
	125	126
Sample_PRO1322_PlateB_A2_R2	1566462.0	16908016.0
	125	126
Sample_PRO1322_PlateB_A3_R1	735.0	7301.0
	125	126
Sample_PRO1322_PlateB_A3_R2	735.0	7301.0
	125	126
Sample_PRO1322_PlateB_A4_R1	507564.0	7874616.0
	125	126
Sample_PRO1322_PlateB_A4_R2	507564.0	7874616.0
	125	126
Sample_PRO1322_PlateB_A5_R1	1261.0	18938.0
	125	126
Sample_PRO1322_PlateB_A5_R2	1261.0	18938.0
	125	126
Sample_PRO1322_PlateB_A6_R1	1405365.0	15983574.0
	125	126
Sample_PRO1322_PlateB_A6_R2	1405365.0	15983574.0
	126
Sample_PRO1322_PlateB_A8_R1	18.0
	126
Sample_PRO1322_PlateB_A8_R2	18.0
	125	126
Sample_PRO1322_PlateB_A9_R1	1346504.0	15632971.0
	125	126
Sample_PRO1322_PlateB_A9_R2	1346504.0	15632971.0
	125	126
Sample_PRO1322_PlateB_B10_R1	1546080.0	16043837.0
	125	126
Sample_PRO1322_PlateB_B10_R2	1546080.0	16043837.0
	125	126
Sample_PRO1322_PlateB_B11_R1	726340.0	10600998.0
	125	126
Sample_PRO1322_PlateB_B11_R2	726340.0	10600998.0
	125	126
Sample_PRO1322_PlateB_B12_R1	1078471.0	12466425.0
	125	126
Sample_PRO1322_PlateB_B12_R2	1078471.0	12466425.0
	125	126
Sample_PRO1322_PlateB_B1_R1	248176.0	3845680.0
	125	126
Sample_PRO1322_PlateB_B1_R2	248176.0	3845680.0
	125	126
Sample_PRO1322_PlateB_B2_R1	1.0	3.0
	125	126
Sample_PRO1322_PlateB_B2_R2	1.0	3.0
	125	126
Sample_PRO1322_PlateB_B3_R1	816216.0	8542195.0
	125	126
Sample_PRO1322_PlateB_B3_R2	816216.0	8542195.0
	125	126
Sample_PRO1322_PlateB_B4_R1	960980.0	13532647.0
	125	126
Sample_PRO1322_PlateB_B4_R2	960980.0	13532647.0
	125	126
Sample_PRO1322_PlateB_B5_R1	1018911.0	15452044.0
	125	126
Sample_PRO1322_PlateB_B5_R2	1018911.0	15452044.0
	125	126
Sample_PRO1322_PlateB_B6_R1	962469.0	10980139.0
	125	126
Sample_PRO1322_PlateB_B6_R2	962469.0	10980139.0
	125	126
Sample_PRO1322_PlateB_B7_R1	957159.0	11822175.0
	125	126
Sample_PRO1322_PlateB_B7_R2	957159.0	11822175.0
	125	126
Sample_PRO1322_PlateB_B8_R1	1852325.0	19754895.0
	125	126
Sample_PRO1322_PlateB_B8_R2	1852325.0	19754895.0
	125	126
Sample_PRO1322_PlateB_B9_R1	1009887.0	12879921.0
	125	126
Sample_PRO1322_PlateB_B9_R2	1009887.0	12879921.0
	125	126
Sample_PRO1322_PlateB_C10_R1	1287284.0	14552865.0
	125	126
Sample_PRO1322_PlateB_C10_R2	1287284.0	14552865.0
	125	126
Sample_PRO1322_PlateB_C11_R1	1291394.0	14354391.0
	125	126
Sample_PRO1322_PlateB_C11_R2	1291394.0	14354391.0
	125	126
Sample_PRO1322_PlateB_C12_R1	1007194.0	12651698.0
	125	126
Sample_PRO1322_PlateB_C12_R2	1007194.0	12651698.0
	125	126
Sample_PRO1322_PlateB_C1_R1	297671.0	4177463.0
	125	126
Sample_PRO1322_PlateB_C1_R2	297671.0	4177463.0
	125	126
Sample_PRO1322_PlateB_C2_R1	1245024.0	14152079.0
	125	126
Sample_PRO1322_PlateB_C2_R2	1245024.0	14152079.0
	125	126
Sample_PRO1322_PlateB_C3_R1	24256.0	281011.0
	125	126
Sample_PRO1322_PlateB_C3_R2	24256.0	281011.0
	125	126
Sample_PRO1322_PlateB_C4_R1	873867.0	11891479.0
	125	126
Sample_PRO1322_PlateB_C4_R2	873867.0	11891479.0
	125	126
Sample_PRO1322_PlateB_C6_R1	1284316.0	13574584.0
	125	126
Sample_PRO1322_PlateB_C6_R2	1284316.0	13574584.0
	125	126
Sample_PRO1322_PlateB_C7_R1	1246753.0	16130095.0
	125	126
Sample_PRO1322_PlateB_C7_R2	1246753.0	16130095.0
	125	126
Sample_PRO1322_PlateB_C8_R1	815101.0	12138908.0
	125	126
Sample_PRO1322_PlateB_C8_R2	815101.0	12138908.0
	125	126
Sample_PRO1322_PlateB_C9_R1	1295440.0	13250956.0
	125	126
Sample_PRO1322_PlateB_C9_R2	1295440.0	13250956.0
	125	126
Sample_PRO1322_PlateB_D10_R1	1141570.0	12399911.0
	125	126
Sample_PRO1322_PlateB_D10_R2	1141570.0	12399911.0
	125	126
Sample_PRO1322_PlateB_D11_R1	1683984.0	17457136.0
	125	126
Sample_PRO1322_PlateB_D11_R2	1683984.0	17457136.0
	125	126
Sample_PRO1322_PlateB_D12_R1	1177922.0	14446143.0
	125	126
Sample_PRO1322_PlateB_D12_R2	1177922.0	14446143.0
	125	126
Sample_PRO1322_PlateB_D1_R1	1.0	2.0
	125	126
Sample_PRO1322_PlateB_D1_R2	1.0	2.0
	125	126
Sample_PRO1322_PlateB_D2_R1	477645.0	7002496.0
	125	126
Sample_PRO1322_PlateB_D2_R2	477645.0	7002496.0
	125	126
Sample_PRO1322_PlateB_D3_R1	33661.0	343964.0
	125	126
Sample_PRO1322_PlateB_D3_R2	33661.0	343964.0
	125	126
Sample_PRO1322_PlateB_D4_R1	1557365.0	16117596.0
	125	126
Sample_PRO1322_PlateB_D4_R2	1557365.0	16117596.0
	125	126
Sample_PRO1322_PlateB_D6_R1	10112.0	119521.0
	125	126
Sample_PRO1322_PlateB_D6_R2	10112.0	119521.0
	125	126
Sample_PRO1322_PlateB_D7_R1	840799.0	9783844.0
	125	126
Sample_PRO1322_PlateB_D7_R2	840799.0	9783844.0
	125	126
Sample_PRO1322_PlateB_D8_R1	1498796.0	16750333.0
	125	126
Sample_PRO1322_PlateB_D8_R2	1498796.0	16750333.0
	125	126
Sample_PRO1322_PlateB_D9_R1	1517653.0	15839445.0
	125	126
Sample_PRO1322_PlateB_D9_R2	1517653.0	15839445.0
	125	126
Sample_PRO1322_PlateB_E10_R1	1238294.0	12567017.0
	125	126
Sample_PRO1322_PlateB_E10_R2	1238294.0	12567017.0
	125	126
Sample_PRO1322_PlateB_E11_R1	1468660.0	15018702.0
	125	126
Sample_PRO1322_PlateB_E11_R2	1468660.0	15018702.0
	125	126
Sample_PRO1322_PlateB_E12_R1	1197232.0	11949959.0
	125	126
Sample_PRO1322_PlateB_E12_R2	1197232.0	11949959.0
	125	126
Sample_PRO1322_PlateB_E1_R1	1203456.0	14492385.0
	125	126
Sample_PRO1322_PlateB_E1_R2	1203456.0	14492385.0
	125	126
Sample_PRO1322_PlateB_E2_R1	561467.0	8533882.0
	125	126
Sample_PRO1322_PlateB_E2_R2	561467.0	8533882.0
	125	126
Sample_PRO1322_PlateB_E3_R1	178014.0	2094491.0
	125	126
Sample_PRO1322_PlateB_E3_R2	178014.0	2094491.0
	125	126
Sample_PRO1322_PlateB_E4_R1	808232.0	14246914.0
	125	126
Sample_PRO1322_PlateB_E4_R2	808232.0	14246914.0
	125	126
Sample_PRO1322_PlateB_E5_R1	1319719.0	16956464.0
	125	126
Sample_PRO1322_PlateB_E5_R2	1319719.0	16956464.0
	125	126
Sample_PRO1322_PlateB_E6_R1	2191333.0	27469313.0
	125	126
Sample_PRO1322_PlateB_E6_R2	2191333.0	27469313.0
	125	126
Sample_PRO1322_PlateB_E7_R1	1329823.0	16048426.0
	125	126
Sample_PRO1322_PlateB_E7_R2	1329823.0	16048426.0
	125	126
Sample_PRO1322_PlateB_E8_R1	1737952.0	17824787.0
	125	126
Sample_PRO1322_PlateB_E8_R2	1737952.0	17824787.0
	125	126
Sample_PRO1322_PlateB_E9_R1	1214047.0	13164569.0
	125	126
Sample_PRO1322_PlateB_E9_R2	1214047.0	13164569.0
	125	126
Sample_PRO1322_PlateB_F10_R1	1038037.0	12323358.0
	125	126
Sample_PRO1322_PlateB_F10_R2	1038037.0	12323358.0
	125	126
Sample_PRO1322_PlateB_F11_R1	1563700.0	17099200.0
	125	126
Sample_PRO1322_PlateB_F11_R2	1563700.0	17099200.0
	125	126
Sample_PRO1322_PlateB_F12_R1	1734898.0	17454667.0
	125	126
Sample_PRO1322_PlateB_F12_R2	1734898.0	17454667.0
	125	126
Sample_PRO1322_PlateB_F1_R1	704421.0	9708942.0
	125	126
Sample_PRO1322_PlateB_F1_R2	704421.0	9708942.0
	125	126
Sample_PRO1322_PlateB_F2_R1	1053224.0	13145548.0
	125	126
Sample_PRO1322_PlateB_F2_R2	1053224.0	13145548.0
	125	126
Sample_PRO1322_PlateB_F3_R1	114138.0	1177021.0
	125	126
Sample_PRO1322_PlateB_F3_R2	114138.0	1177021.0
	125	126
Sample_PRO1322_PlateB_F4_R1	650382.0	10193590.0
	125	126
Sample_PRO1322_PlateB_F4_R2	650382.0	10193590.0
	125	126
Sample_PRO1322_PlateB_F5_R1	1401393.0	16749535.0
	125	126
Sample_PRO1322_PlateB_F5_R2	1401393.0	16749535.0
	125	126
Sample_PRO1322_PlateB_F6_R1	903302.0	12483815.0
	125	126
Sample_PRO1322_PlateB_F6_R2	903302.0	12483815.0
	125	126
Sample_PRO1322_PlateB_F7_R1	932120.0	10979538.0
	125	126
Sample_PRO1322_PlateB_F7_R2	932120.0	10979538.0
	125	126
Sample_PRO1322_PlateB_F8_R1	1101785.0	13688901.0
	125	126
Sample_PRO1322_PlateB_F8_R2	1101785.0	13688901.0
	125	126
Sample_PRO1322_PlateB_F9_R1	1404742.0	15411878.0
	125	126
Sample_PRO1322_PlateB_F9_R2	1404742.0	15411878.0
	125	126
Sample_PRO1322_PlateB_G10_R1	1049774.0	11665943.0
	125	126
Sample_PRO1322_PlateB_G10_R2	1049774.0	11665943.0
	125	126
Sample_PRO1322_PlateB_G11_R1	1212934.0	13880429.0
	125	126
Sample_PRO1322_PlateB_G11_R2	1212934.0	13880429.0
	125	126
Sample_PRO1322_PlateB_G12_R1	1203800.0	13457366.0
	125	126
Sample_PRO1322_PlateB_G12_R2	1203800.0	13457366.0
	125
Sample_PRO1322_PlateB_G2_R1	1.0
	125
Sample_PRO1322_PlateB_G2_R2	1.0
	125	126
Sample_PRO1322_PlateB_G3_R1	190.0	2137.0
	125	126
Sample_PRO1322_PlateB_G3_R2	190.0	2137.0
	125	126
Sample_PRO1322_PlateB_G4_R1	735713.0	12631549.0
	125	126
Sample_PRO1322_PlateB_G4_R2	735713.0	12631549.0
	125	126
Sample_PRO1322_PlateB_G6_R1	1128835.0	13679574.0
	125	126
Sample_PRO1322_PlateB_G6_R2	1128835.0	13679574.0
	125	126
Sample_PRO1322_PlateB_G7_R1	839309.0	10084280.0
	125	126
Sample_PRO1322_PlateB_G7_R2	839309.0	10084280.0
	125	126
Sample_PRO1322_PlateB_G8_R1	991570.0	12232923.0
	125	126
Sample_PRO1322_PlateB_G8_R2	991570.0	12232923.0
	125	126
Sample_PRO1322_PlateB_G9_R1	1499845.0	15941973.0
	125	126
Sample_PRO1322_PlateB_G9_R2	1499845.0	15941973.0
	125	126
Sample_PRO1322_PlateB_H10_R1	2392271.0	23879682.0
	125	126
Sample_PRO1322_PlateB_H10_R2	2392271.0	23879682.0
	125	126
Sample_PRO1322_PlateB_H11_R1	22896.0	237176.0
	125	126
Sample_PRO1322_PlateB_H11_R2	22896.0	237176.0
	125	126
Sample_PRO1322_PlateB_H1_R1	790586.0	10048482.0
	125	126
Sample_PRO1322_PlateB_H1_R2	790586.0	10048482.0
	125	126
Sample_PRO1322_PlateB_H2_R1	1185826.0	13198546.0
	125	126
Sample_PRO1322_PlateB_H2_R2	1185826.0	13198546.0
	125	126
Sample_PRO1322_PlateB_H5_R1	948326.0	11446160.0
	125	126
Sample_PRO1322_PlateB_H5_R2	948326.0	11446160.0
	125	126
Sample_PRO1322_PlateB_H6_R1	7532.0	95516.0
	125	126
Sample_PRO1322_PlateB_H6_R2	7532.0	95516.0
	125	126
Sample_PRO1322_PlateB_H7_R1	509459.0	6850911.0
	125	126
Sample_PRO1322_PlateB_H7_R2	509459.0	6850911.0
	125	126
Sample_PRO1322_PlateB_H8_R1	19029.0	195571.0
	125	126
Sample_PRO1322_PlateB_H8_R2	19029.0	195571.0
	125	126
Sample_PRO1322_PlateB_H9_R1	27047.0	317159.0
	125	126
Sample_PRO1322_PlateB_H9_R2	27047.0	317159.0

