Sample	bp_processed	quality_trimmed	bp_written	r_with_adapters	r_processed	percent_trimmed
Sample_PRO1747_PlateG_A10_R1	1635172866	6839480	1608116172	3283059	13092489	1.654668724181239
Sample_PRO1747_PlateG_A10_R2	1649653614	11497934	1617947844	3368483	13092489	1.9219652981040904
Sample_PRO1747_PlateG_A11_R1	1450759458	7408310	1427070852	2833907	11610551	1.6328417415700902
Sample_PRO1747_PlateG_A11_R2	1462929426	11785955	1434719222	2930965	11610551	1.9283366305053735
Sample_PRO1747_PlateG_A12_R1	1122184590	3737252	1100392048	2372088	8984302	1.9419748046976837
Sample_PRO1747_PlateG_A12_R2	1132022052	8470332	1105534564	2454551	8984302	2.3398385175627303
Sample_PRO1747_PlateG_A1_R1	1466207214	6609500	1442622166	2967392	11732574	1.6085753619815433
Sample_PRO1747_PlateG_A1_R2	1478304324	11096722	1450043358	3080912	11732574	1.9117150333113686
Sample_PRO1747_PlateG_A2_R1	1870185774	6884956	1843207024	3640629	14970662	1.4425705924549503
Sample_PRO1747_PlateG_A2_R2	1886303412	13803614	1852513592	3742261	14970662	1.7913247564013843
Sample_PRO1747_PlateG_A3_R1	1888072332	5525717	1864885399	3708203	15119421	1.228074401971587
Sample_PRO1747_PlateG_A3_R2	1905047046	11429127	1875932561	3819879	15119421	1.5282816800315386
Sample_PRO1747_PlateG_A4_R1	1361445186	5886211	1342817625	2577146	10895733	1.3682196824044595
Sample_PRO1747_PlateG_A4_R2	1372862358	8387060	1351492559	2699738	10895733	1.556587146225769
Sample_PRO1747_PlateG_A5_R1	1944718212	6904598	1926668216	3664959	15562956	0.9281548292509125
Sample_PRO1747_PlateG_A5_R2	1960932456	14379971	1935315999	3795619	15562956	1.306340609622711
Sample_PRO1747_PlateG_A6_R1	1525315890	6410055	1508788627	2854343	12210047	1.0835305072446337
Sample_PRO1747_PlateG_A6_R2	1538465922	11082114	1517172020	2955834	12210047	1.3840996862847639
Sample_PRO1747_PlateG_A7_R1	1883552304	9413369	1860224757	3476228	15084552	1.2384868182561497
Sample_PRO1747_PlateG_A7_R2	1900653552	11315298	1875191811	3659389	15084552	1.3396308324159014
Sample_PRO1747_PlateG_A8_R1	1558299864	8051673	1533620703	3046249	12478362	1.5837234905899986
Sample_PRO1747_PlateG_A8_R2	1572273612	11940778	1543613656	3193877	12478362	1.8228351465838886
Sample_PRO1747_PlateG_A9_R1	2253648348	7015123	2226671305	4277637	18049592	1.1970387049932067
Sample_PRO1747_PlateG_A9_R2	2274248592	16508586	2237822484	4426146	18049592	1.601676620934674
Sample_PRO1747_PlateG_B10_R1	1019859594	3316050	999892041	2127436	8166078	1.9578727422355355
Sample_PRO1747_PlateG_B10_R2	1028925828	6948373	1005302310	2211894	8166078	2.2959398391154004
Sample_PRO1747_PlateG_B11_R1	1522438662	6960256	1502838344	2957845	12184325	1.2874290760753158
Sample_PRO1747_PlateG_B11_R2	1535224950	9687559	1512769423	3059130	12184325	1.4626864291125545
Sample_PRO1747_PlateG_B12_R1	1510226652	5226107	1487807549	3117475	12088587	1.4844859856174755
Sample_PRO1747_PlateG_B12_R2	1523161962	10214832	1495708764	3230489	12088587	1.8023820634249794
Sample_PRO1747_PlateG_B1_R1	2201325648	7482598	2173203403	4176557	17623451	1.2775140754640406
Sample_PRO1747_PlateG_B1_R2	2220554826	13689487	2186132978	4307796	17623451	1.5501462786219897
Sample_PRO1747_PlateG_B2_R1	2170300962	6792736	2142574734	4085395	17379264	1.2775291761585645
Sample_PRO1747_PlateG_B2_R2	2189787264	15896085	2153115251	4192971	17379264	1.674683819879957
Sample_PRO1747_PlateG_B3_R1	1680721818	5196313	1656085203	3249849	13459095	1.4658353771665027
Sample_PRO1747_PlateG_B3_R2	1695845970	11950527	1664452935	3353391	13459095	1.8511725448744618
Sample_PRO1747_PlateG_B4_R1	1863469662	6308946	1837948851	3643728	14922149	1.3695318748902712
Sample_PRO1747_PlateG_B4_R2	1880190774	12545942	1848482729	3751845	14922149	1.686427007220279
Sample_PRO1747_PlateG_B5_R1	1303354026	5395100	1289681427	2550315	10427781	1.0490318614322522
Sample_PRO1747_PlateG_B5_R2	1313900406	7822586	1297693895	2642153	10427781	1.233465712164488
Sample_PRO1747_PlateG_B6_R1	1208161884	6952134	1193453960	2300767	9666986	1.21738023643858
Sample_PRO1747_PlateG_B6_R2	1218040236	10131456	1199931431	2419319	9666986	1.4867164864330475
Sample_PRO1747_PlateG_B7_R1	1362091728	6597887	1344451259	2346003	10907814	1.295101397165228
Sample_PRO1747_PlateG_B7_R2	1374384564	8707925	1354422943	2499666	10907814	1.4524043359381036
Sample_PRO1747_PlateG_B8_R1	121301700	885516	119292022	245562	968582	1.6567599629683671
Sample_PRO1747_PlateG_B8_R2	122041332	1014003	119897397	267940	968582	1.756728613876486
Sample_PRO1747_PlateG_B9_R1	2040235302	5666792	2021251550	3886133	16340364	0.9304687543339056
Sample_PRO1747_PlateG_B9_R2	2058885864	14368130	2031222209	3984900	16340364	1.3436225622655495
Sample_PRO1747_PlateG_C10_R1	1788083124	5682448	1763157051	3607239	14319533	1.3940108636694455
Sample_PRO1747_PlateG_C10_R2	1804261158	13980611	1771066041	3719532	14319533	1.839817747714325
Sample_PRO1747_PlateG_C11_R1	1612384674	7126906	1588874158	3102292	12910543	1.4581207809222827
Sample_PRO1747_PlateG_C11_R2	1626728418	11393969	1598736370	3247085	12910543	1.72075729975967
Sample_PRO1747_PlateG_C12_R1	1739620200	5263062	1708561681	3722481	13930012	1.7853620577641025
Sample_PRO1747_PlateG_C12_R2	1755181512	11517163	1717969048	3794868	13930012	2.1201490413146513
Sample_PRO1747_PlateG_C1_R1	1793747322	7028268	1767946298	3387067	14358921	1.438386760696722
Sample_PRO1747_PlateG_C1_R2	1809224046	12187983	1778351185	3470903	14358921	1.706414474661476
Sample_PRO1747_PlateG_C2_R1	1211452134	6351551	1197183438	2341539	9696752	1.1778175628687282
Sample_PRO1747_PlateG_C2_R2	1221790752	9597009	1204138105	2456587	9696752	1.4448175328798036
Sample_PRO1747_PlateG_C3_R1	1215868734	4667488	1200058583	2404618	9735730	1.3003172594123142
Sample_PRO1747_PlateG_C3_R2	1226701980	6847227	1208590851	2506038	9735730	1.4764082307913124
Sample_PRO1747_PlateG_C4_R1	1519228896	6451378	1497571016	2962163	12163581	1.4255837324463319
Sample_PRO1747_PlateG_C4_R2	1532611206	11633826	1505732614	3052216	12163581	1.7537775983089088
Sample_PRO1747_PlateG_C5_R1	1845959472	6669195	1825080345	3529033	14778690	1.1310717985253795
Sample_PRO1747_PlateG_C5_R2	1862114940	15617477	1832335740	3622118	14778690	1.5992138487434078
Sample_PRO1747_PlateG_C6_R1	1114612080	5856097	1098198921	2245763	8923048	1.4725445107323796
Sample_PRO1747_PlateG_C6_R2	1124304048	9959762	1103614531	2339929	8923048	1.8402065737292443
Sample_PRO1747_PlateG_C7_R1	1913820924	6642906	1892081548	3513201	15328637	1.1359148459179453
Sample_PRO1747_PlateG_C7_R2	1931408262	13016012	1903330407	3601067	15328637	1.453750382683203
Sample_PRO1747_PlateG_C8_R1	1372499016	6271960	1358292696	2353171	10990065	1.0350695945416983
Sample_PRO1747_PlateG_C8_R2	1384748190	8960672	1367753158	2472289	10990065	1.227301261177312
Sample_PRO1747_PlateG_C9_R1	1494392784	7580496	1474581328	2921392	11965943	1.3257194635918423
Sample_PRO1747_PlateG_C9_R2	1507708818	10301586	1484990689	3070732	11965943	1.5067981780550945
Sample_PRO1747_PlateG_D10_R1	790812732	3289688	779336863	1555203	6329826	1.4511487404833538
Sample_PRO1747_PlateG_D10_R2	797558076	6235263	783161761	1609033	6329826	1.8050491159467614
Sample_PRO1747_PlateG_D11_R1	1641963600	8160124	1615520864	3307928	13147612	1.6104337513937579
Sample_PRO1747_PlateG_D11_R2	1656599112	12097309	1625968075	3448845	13147612	1.8490313545453596
Sample_PRO1747_PlateG_D12_R1	1692663480	5765249	1666123450	3302288	13552019	1.5679448581238369
Sample_PRO1747_PlateG_D12_R2	1707554394	10645640	1676073255	3386785	13552019	1.843639014406706
Sample_PRO1747_PlateG_D1_R1	1246587792	6482928	1231765776	2356746	9976302	1.1890069913343095
Sample_PRO1747_PlateG_D1_R2	1257014052	8461472	1240095294	2479282	9976302	1.3459481994716793
Sample_PRO1747_PlateG_D2_R1	1248169122	6833160	1228125609	2448923	9992207	1.605833107606711
Sample_PRO1747_PlateG_D2_R2	1259018082	8244087	1237456512	2555210	9992207	1.7125703203363523
Sample_PRO1747_PlateG_D3_R1	1938065226	6897659	1910237508	3822542	15519307	1.4358504361297488
Sample_PRO1747_PlateG_D3_R2	1955432682	13207427	1921181639	3954797	15519307	1.751583847160022
Sample_PRO1747_PlateG_D4_R1	1570921254	5412693	1550147902	3134114	12578687	1.3223674927756754
Sample_PRO1747_PlateG_D4_R2	1584914562	10162668	1559310757	3234487	12578687	1.6154690993368512
Sample_PRO1747_PlateG_D5_R1	1303383780	5931688	1289423194	2558706	10428037	1.0711032478860525
Sample_PRO1747_PlateG_D5_R2	1313932662	7992148	1297828286	2622366	10428037	1.2256622021623813
Sample_PRO1747_PlateG_D6_R1	1408911486	10427770	1389111335	2561741	11277491	1.405350953324544
Sample_PRO1747_PlateG_D6_R2	1420963866	11435370	1399795344	2774270	11277491	1.4897297888080145
Sample_PRO1747_PlateG_D7_R1	1608930198	7096524	1590965283	3141000	12884173	1.1165751641886954
Sample_PRO1747_PlateG_D7_R2	1623405798	9957127	1602509168	3297939	12884173	1.2872092748309871
Sample_PRO1747_PlateG_D8_R1	1377982596	6745417	1359023112	2655258	11035030	1.3758870434964476
Sample_PRO1747_PlateG_D8_R2	1390413780	9548143	1368451594	2807486	11035030	1.5795431774273698
Sample_PRO1747_PlateG_D9_R1	1613655066	5890228	1588214118	3066458	12922431	1.576603856427889
Sample_PRO1747_PlateG_D9_R2	1628226306	11428565	1597624127	3166343	12922431	1.8794794610080447
Sample_PRO1747_PlateG_E10_R1	376458186	2406782	369911899	770838	3012644	1.7389147702050503
Sample_PRO1747_PlateG_E10_R2	379593144	3324252	372062585	818446	3012644	1.983850108736421
Sample_PRO1747_PlateG_E11_R1	1306412952	7473415	1285256768	2701719	10461906	1.6194101541638726
Sample_PRO1747_PlateG_E11_R2	1318200156	9280297	1294897830	2860204	10461906	1.7677380702722356
Sample_PRO1747_PlateG_E12_R1	890198370	6470741	878723788	1709764	7121413	1.2889915761135353
Sample_PRO1747_PlateG_E12_R2	897298038	5675523	886412589	1803267	7121413	1.2131363871320533
Sample_PRO1747_PlateG_E1_R1	2064951552	7104153	2036595465	4405005	16530871	1.3732083434372024
Sample_PRO1747_PlateG_E1_R2	2082889746	13912280	2047842181	4550105	16530871	1.6826413912356935
Sample_PRO1747_PlateG_E2_R1	1848628620	6929218	1822045883	3747656	14801884	1.4379706509141896
Sample_PRO1747_PlateG_E2_R2	1865037384	13813164	1831592804	3890300	14801884	1.7932391214738246
Sample_PRO1747_PlateG_E3_R1	2048837112	8794352	2027484686	3570468	16405165	1.0421729416623335
Sample_PRO1747_PlateG_E3_R2	2067050790	11512256	2042775356	3725411	16405165	1.1743994931058273
Sample_PRO1747_PlateG_E4_R1	1241690256	6056630	1225376248	2350072	9940415	1.3138548781524786
Sample_PRO1747_PlateG_E4_R2	1252492290	8084193	1233921290	2476302	9940415	1.482723698043682
Sample_PRO1747_PlateG_E5_R1	1587252912	9320717	1563929486	3043817	12703332	1.4694208984383959
Sample_PRO1747_PlateG_E5_R2	1600619832	14320277	1572054078	3221877	12703332	1.7846682534419578
Sample_PRO1747_PlateG_E6_R1	2156668110	5972688	2130291637	4433005	17269976	1.2230195679018965
Sample_PRO1747_PlateG_E6_R2	2176016976	17992626	2137714112	4564383	17269976	1.7602281793963357
Sample_PRO1747_PlateG_E7_R1	1147367712	5743339	1132664403	2181749	9189093	1.2814818515652984
Sample_PRO1747_PlateG_E7_R2	1157825718	7730909	1141053336	2293868	9189093	1.4486102475744107
Sample_PRO1747_PlateG_E8_R1	1643477094	7782913	1622696154	3194173	13160222	1.264449627917966
Sample_PRO1747_PlateG_E8_R2	1658187972	11901264	1633168988	3357897	13160222	1.5088147075282248
Sample_PRO1747_PlateG_E9_R1	1645316370	7655029	1617892444	3402192	13176032	1.6667874033247476
Sample_PRO1747_PlateG_E9_R2	1660180032	11401273	1629086333	3573351	13176032	1.872911274721319
Sample_PRO1747_PlateG_F10_R1	632007114	3508825	622575860	1165941	5056714	1.4922702278316442
Sample_PRO1747_PlateG_F10_R2	637145964	4124150	626966769	1261473	5056714	1.5976237118563934
Sample_PRO1747_PlateG_F11_R1	1618116780	6896068	1602042575	2856979	12956540	0.9933896736427145
Sample_PRO1747_PlateG_F11_R2	1632524040	9175666	1613971083	3002442	12956540	1.1364584254453
Sample_PRO1747_PlateG_F12_R1	978244458	4913259	964502570	1927298	7827969	1.4047498953477333
Sample_PRO1747_PlateG_F12_R2	986324094	5557724	971725290	2026534	7827969	1.4801224150162553
Sample_PRO1747_PlateG_F1_R1	1689638460	6432882	1667015837	3118871	13526667	1.3389031757716974
Sample_PRO1747_PlateG_F1_R2	1704360042	10848184	1677211457	3251894	13526667	1.5928902538774727
Sample_PRO1747_PlateG_F2_R1	1398244956	8123978	1379692787	2685900	11192139	1.3268182316975938
Sample_PRO1747_PlateG_F2_R2	1410209514	9671054	1389860510	2806340	11192139	1.442977358894772
Sample_PRO1747_PlateG_F3_R1	1456187220	7486991	1436607783	2765029	11657032	1.3445686606149447
Sample_PRO1747_PlateG_F3_R2	1468786032	10576325	1446090846	2896691	11657032	1.5451662465156124
Sample_PRO1747_PlateG_F4_R1	1300793508	5670758	1284393861	2509221	10408514	1.2607417625580586
Sample_PRO1747_PlateG_F4_R2	1311472764	8169780	1292544888	2547762	10408514	1.4432534566916864
Sample_PRO1747_PlateG_F5_R1	1985999046	6202309	1968863136	3894599	15904070	0.8628357619060004
Sample_PRO1747_PlateG_F5_R2	2003912820	13603002	1979331185	4001269	15904070	1.2266818573474667
Sample_PRO1747_PlateG_F6_R1	1216585464	4996359	1199618806	2282617	9738569	1.3946129147569695
Sample_PRO1747_PlateG_F6_R2	1227059694	9046755	1206029088	2354748	9738569	1.7139024370887699
Sample_PRO1747_PlateG_F7_R1	957174522	5173971	941060122	1895516	7664011	1.683538333879723
Sample_PRO1747_PlateG_F7_R2	965665386	6375057	948239141	1986358	7664011	1.8045842020063874
Sample_PRO1747_PlateG_F8_R1	1166303478	6295880	1150426808	2365517	9341692	1.3612812016324967
Sample_PRO1747_PlateG_F8_R2	1177053192	10779063	1156646938	2481533	9341692	1.7336730522200563
Sample_PRO1747_PlateG_F9_R1	1699014030	8218466	1675860080	3290869	13606603	1.3627874514962068
Sample_PRO1747_PlateG_F9_R2	1714431978	13378799	1685971330	3451391	13606603	1.6600628292760415
Sample_PRO1747_PlateG_G10_R1	1443317220	7386857	1422811944	2747025	11555597	1.4207047290684995
Sample_PRO1747_PlateG_G10_R2	1456005222	9501462	1433193611	2856173	11555597	1.5667259056025555
Sample_PRO1747_PlateG_G11_R1	1327204056	7595234	1310969500	2430762	10628193	1.223214766908458
Sample_PRO1747_PlateG_G11_R2	1339152318	8346675	1321932116	2559855	10628193	1.2859031619135053
Sample_PRO1747_PlateG_G12_R1	1663276284	6105964	1635859284	3246076	13316116	1.648373169493229
Sample_PRO1747_PlateG_G12_R2	1677830616	10928443	1645709327	3320631	13316116	1.9144536220574007
Sample_PRO1747_PlateG_G1_R1	1483946676	4923777	1454592464	3296434	11879545	1.978117709668969
Sample_PRO1747_PlateG_G1_R2	1496822670	9508463	1463020583	3401310	11879545	2.258255949584195
Sample_PRO1747_PlateG_G2_R1	1767376614	4436616	1736403185	3594885	14152435	1.7525087044067904
Sample_PRO1747_PlateG_G2_R2	1783206810	12240502	1744774917	3677197	14152435	2.155212327839865
Sample_PRO1747_PlateG_G3_R1	1723112592	8832367	1703619167	3115963	13794193	1.1312914252094328
Sample_PRO1747_PlateG_G3_R2	1738068318	11389445	1715852167	3279708	13794193	1.27820930684498
Sample_PRO1747_PlateG_G4_R1	881024634	3676794	869082384	1643627	7046068	1.3554955831121516
Sample_PRO1747_PlateG_G4_R2	887804568	7036220	872466872	1732398	7046068	1.7275982297040848
Sample_PRO1747_PlateG_G5_R1	1150182354	6225048	1133737248	2397102	9203104	1.4297824986454277
Sample_PRO1747_PlateG_G5_R2	1159591104	11216376	1138099749	2510982	9203104	1.8533563189529263
Sample_PRO1747_PlateG_G6_R1	1593553266	4489141	1566093027	3521923	12758330	1.72320810266533
Sample_PRO1747_PlateG_G6_R2	1607549580	10478764	1574150242	3620970	12758330	2.0776552347455435
Sample_PRO1747_PlateG_G7_R1	1234969350	7035364	1217411684	2323579	9888580	1.4217086440242424
Sample_PRO1747_PlateG_G7_R2	1245961080	8027081	1227260222	2479754	9888580	1.50091831118834
Sample_PRO1747_PlateG_G8_R1	1626280320	5618827	1611295091	3170333	13025525	0.9214419442768635
Sample_PRO1747_PlateG_G8_R2	1641216150	11583012	1620197496	3306758	13025525	1.2806755526991371
Sample_PRO1747_PlateG_G9_R1	1635491322	5486227	1614871629	3362214	13099690	1.2607644395682094
Sample_PRO1747_PlateG_G9_R2	1650560940	12056271	1623376091	3491944	13099690	1.6470066836793071
Sample_PRO1747_PlateG_H10_R1	1592545254	5944613	1575098041	3059126	12749016	1.0955552412829581
Sample_PRO1747_PlateG_H10_R2	1606376016	12525682	1582362127	3160243	12749016	1.4949108279017034
Sample_PRO1747_PlateG_H11_R1	1803741528	5877361	1782799414	3352279	14443794	1.1610374144471103
Sample_PRO1747_PlateG_H11_R2	1819918044	12977136	1791809831	3452269	14443794	1.5444768566732228
Sample_PRO1747_PlateG_H12_R1	1401655080	5624596	1377502272	2967138	11220679	1.7231634476008177
Sample_PRO1747_PlateG_H12_R2	1413805554	15727807	1379755668	3052890	11220679	2.4083853613153936
Sample_PRO1747_PlateG_H1_R1	1472109342	4155530	1447165840	2861189	11785988	1.6944055233092867
Sample_PRO1747_PlateG_H1_R2	1485034488	8215076	1456145127	2944347	11785988	1.9453663354921356
Sample_PRO1747_PlateG_H2_R1	1496761266	5896499	1476579826	3064832	11985458	1.3483406110537337
Sample_PRO1747_PlateG_H2_R2	1510167708	10296933	1485480089	3191378	11985458	1.6347600911620075
Sample_PRO1747_PlateG_H3_R1	1566981924	6738399	1547107679	3030655	12545550	1.2683136094682863
Sample_PRO1747_PlateG_H3_R2	1580739300	10140057	1557378651	3161427	12545550	1.4778305948362265
Sample_PRO1747_PlateG_H4_R1	891289428	4984704	880543881	1643833	7129899	1.2056181373218309
Sample_PRO1747_PlateG_H4_R2	898367274	6749289	885782998	1706549	7129899	1.400794125543803
Sample_PRO1747_PlateG_H5_R1	1170279054	5476069	1152468796	2418753	9366450	1.5218812931090877
Sample_PRO1747_PlateG_H5_R2	1180172700	9269594	1158489485	2510290	9366450	1.8372916946816344
Sample_PRO1747_PlateG_H6_R1	887085690	4143032	877261196	1647632	7095003	1.1075022526854197
Sample_PRO1747_PlateG_H6_R2	893970378	6145014	882080062	1720135	7095003	1.3300570458051575
Sample_PRO1747_PlateG_H7_R1	1332655878	6792892	1309536853	2687660	10670059	1.7348083163596717
Sample_PRO1747_PlateG_H7_R2	1344427434	10533382	1317694948	2831387	10670059	1.9883918851956421
Sample_PRO1747_PlateG_H8_R1	1129822674	6782359	1111782142	2182225	9047569	1.5967578289192663
Sample_PRO1747_PlateG_H8_R2	1139993694	8588603	1119873329	2328707	9047569	1.7649540612283423
Sample_PRO1747_PlateG_H9_R1	1531034646	4585062	1513779401	3025862	12259669	1.127031647852076
Sample_PRO1747_PlateG_H9_R2	1544718294	10638406	1521385207	3110620	12259669	1.5105075851454894
Sample_PRO1747_PlateH_A10_R1	1651553946	7180586	1620126872	3342541	13107571	1.9028790477062625
Sample_PRO1747_PlateH_A10_R2	1651553946	14229148	1613094531	3494808	13107571	2.3286805189226314
Sample_PRO1747_PlateH_A11_R1	2176812918	5605999	2143913685	4312676	17276293	1.5113486661144484
Sample_PRO1747_PlateH_A11_R2	2176812918	14484277	2135097799	4408260	17276293	1.916339188134127
Sample_PRO1747_PlateH_A12_R1	1318905000	5543465	1296249880	2759031	10467500	1.717721898089703
Sample_PRO1747_PlateH_A12_R2	1318905000	9738870	1291825717	2929497	10467500	2.0531640262187194
Sample_PRO1747_PlateH_A1_R1	1437707754	4213290	1410483203	3040904	11410379	1.893608135885452
Sample_PRO1747_PlateH_A1_R2	1437707754	10350331	1404279237	3175786	11410379	2.3251260144486916
Sample_PRO1747_PlateH_A2_R1	1871970534	4370768	1853871213	3302301	14856909	0.9668592892499023
Sample_PRO1747_PlateH_A2_R2	1871970534	11634982	1846606733	3376835	14856909	1.3549252266168417
Sample_PRO1747_PlateH_A3_R1	1979506494	4250226	1953123818	4079038	15710369	1.3327905758312708
Sample_PRO1747_PlateH_A3_R2	1979506494	11448525	1945908765	4206977	15710369	1.6972780388362796
Sample_PRO1747_PlateH_A4_R1	1607580450	6526873	1588979247	2943306	12758575	1.1570931333483185
Sample_PRO1747_PlateH_A4_R2	1607580450	10920786	1584473174	3101263	12758575	1.4373946883964657
Sample_PRO1747_PlateH_A5_R1	1462125042	5990543	1435347730	3018911	11604167	1.8313968525819149
Sample_PRO1747_PlateH_A5_R2	1462125042	11535480	1429693212	3162833	11604167	2.21812971314939
Sample_PRO1747_PlateH_A6_R1	1689012612	4972035	1664830908	3366049	13404862	1.431706538376044
Sample_PRO1747_PlateH_A6_R2	1689012612	12162126	1657547402	3569549	13404862	1.862935171498885
Sample_PRO1747_PlateH_A7_R1	1647970758	5090172	1612739631	3421492	13079133	2.1378490382169755
Sample_PRO1747_PlateH_A7_R2	1647970758	14086804	1603895075	3514422	13079133	2.6745427845753076
Sample_PRO1747_PlateH_A8_R1	1350290340	6464674	1328657485	2601137	10716590	1.6020891477309982
Sample_PRO1747_PlateH_A8_R2	1350290340	9463283	1325683929	2768443	10716590	1.8223051940073867
Sample_PRO1747_PlateH_A9_R1	4871664	20627	4785547	9716	38664	1.7677122231746687
Sample_PRO1747_PlateH_A9_R2	4871664	40445	4765302	10288	38664	2.183278649759097
Sample_PRO1747_PlateH_B10_R1	1567393632	4271981	1544666801	3245162	12439632	1.4499759687680036
Sample_PRO1747_PlateH_B10_R2	1567393632	11649822	1537338223	3392255	12439632	1.9175405837045023
Sample_PRO1747_PlateH_B11_R1	1315385946	5976734	1290992768	2634540	10439571	1.854450252732136
Sample_PRO1747_PlateH_B11_R2	1315385946	9370657	1287517378	2772153	10439571	2.1186609211347007
Sample_PRO1747_PlateH_B12_R1	1425164328	5963580	1402250755	2737214	11310828	1.6077846287491415
Sample_PRO1747_PlateH_B12_R2	1425164328	8514858	1399470355	2879686	11310828	1.8028779204751468
Sample_PRO1747_PlateH_B1_R1	1192670136	5100931	1175705887	2351725	9465636	1.4223755997525873
Sample_PRO1747_PlateH_B1_R2	1192670136	7931577	1172719274	2480885	9465636	1.6727896002252212
Sample_PRO1747_PlateH_B2_R1	1332862902	4135404	1313916746	2408871	10578277	1.4214632256303883
Sample_PRO1747_PlateH_B2_R2	1332862902	7968590	1309977897	2504641	10578277	1.7169811663045296
Sample_PRO1747_PlateH_B3_R1	1623691188	4900715	1584133064	3425066	12886438	2.436308350526073
Sample_PRO1747_PlateH_B3_R2	1623691188	10994362	1578179268	3504333	12886438	2.802991131340672
Sample_PRO1747_PlateH_B4_R1	1795752	8580	1749328	3691	14252	2.585212211931269
Sample_PRO1747_PlateH_B4_R2	1795752	14085	1743555	3951	14252	2.906693129118052
Sample_PRO1747_PlateH_B5_R1	1907389260	6337631	1879043591	3842531	15138010	1.4860977564694895
Sample_PRO1747_PlateH_B5_R2	1907389260	13813874	1871547563	3988605	15138010	1.879097138252734
Sample_PRO1747_PlateH_B6_R1	1518877710	4597688	1500105721	3044750	12054585	1.2359118101746323
Sample_PRO1747_PlateH_B6_R2	1518877710	11001219	1493694003	3163388	12054585	1.6580470458019956
Sample_PRO1747_PlateH_B7_R1	190890	625	184910	458	1515	3.1326942218031326
Sample_PRO1747_PlateH_B7_R2	190890	1566	184044	465	1515	3.586358635863587
Sample_PRO1747_PlateH_B8_R1	1546824888	4484932	1523464319	3053737	12276388	1.5102271227484931
Sample_PRO1747_PlateH_B8_R2	1546824888	11953124	1516398478	3145224	12276388	1.967023561363851
Sample_PRO1747_PlateH_B9_R1	1179922212	5162847	1162848376	2224330	9364462	1.4470306454405488
Sample_PRO1747_PlateH_B9_R2	1179922212	9002354	1158978451	2357786	9364462	1.7750120124020514
Sample_PRO1747_PlateH_C10_R1	1367825634	5806618	1351556378	2466436	10855759	1.189424704114004
Sample_PRO1747_PlateH_C10_R2	1367825634	10052733	1347209976	2602529	10855759	1.5071846504084452
Sample_PRO1747_PlateH_C11_R1	1388028978	4361415	1362027694	2862018	11016103	1.873252245602613
Sample_PRO1747_PlateH_C11_R2	1388028978	11084179	1355498392	2928994	11016103	2.3436532317122847
Sample_PRO1747_PlateH_C12_R1	1197137088	5305516	1176402630	2466212	9501088	1.7320036450161336
Sample_PRO1747_PlateH_C12_R2	1197137088	7900782	1173451010	2620405	9501088	1.9785602031235374
Sample_PRO1747_PlateH_C1_R1	1346570442	5031112	1326745991	2399781	10687067	1.4722178938188812
Sample_PRO1747_PlateH_C1_R2	1346570442	9589257	1322139049	2493946	10687067	1.8143419934060903
Sample_PRO1747_PlateH_C3_R1	1509375924	5419445	1485014381	3106952	11979174	1.6140142831640927
Sample_PRO1747_PlateH_C3_R2	1509375924	9558164	1480709695	3233203	11979174	1.8992106965660067
Sample_PRO1747_PlateH_C4_R1	1365469182	6532803	1346973260	2564214	10837057	1.354547011665914
Sample_PRO1747_PlateH_C4_R2	1365469182	9435618	1343837914	2719300	10837057	1.5841637647447102
Sample_PRO1747_PlateH_C5_R1	769745592	2652609	756860214	1574052	6109092	1.6739787968802033
Sample_PRO1747_PlateH_C5_R2	769745592	4849904	754584950	1639546	6109092	1.969565289826304
Sample_PRO1747_PlateH_C6_R1	1505378322	3331002	1486979784	3019682	11947447	1.2221869898827997
Sample_PRO1747_PlateH_C6_R2	1505378322	12091798	1478303439	3150491	11947447	1.7985434361794936
Sample_PRO1747_PlateH_C7_R1	519242472	2352488	507350660	1135670	4120972	2.290223285124488
Sample_PRO1747_PlateH_C7_R2	519242472	3610117	505996648	1187254	4120972	2.550990089269893
Sample_PRO1747_PlateH_C8_R1	1102699710	5161882	1081431740	2187712	8751585	1.928718200170743
Sample_PRO1747_PlateH_C8_R2	1102699710	8377563	1078378449	2295806	8751585	2.2056105374327157
Sample_PRO1747_PlateH_C9_R1	1260158634	2622650	1244194624	2808655	10001259	1.266825427313622
Sample_PRO1747_PlateH_C9_R2	1260158634	8557563	1238215659	2974644	10001259	1.7412867243823527
Sample_PRO1747_PlateH_D10_R1	1481283720	4832347	1460581132	2871825	11756220	1.397611255728916
Sample_PRO1747_PlateH_D10_R2	1481283720	9122435	1456198607	2996464	11756220	1.693471187275318
Sample_PRO1747_PlateH_D11_R1	1676637522	4306029	1651704003	3507106	13306647	1.48711445812436
Sample_PRO1747_PlateH_D11_R2	1676637522	12059104	1644005279	3659020	13306647	1.9462908691840668
Sample_PRO1747_PlateH_D12_R1	1477861056	6464245	1457940136	2750580	11729056	1.3479562181520803
Sample_PRO1747_PlateH_D12_R2	1477861056	9843928	1454349944	2917493	11729056	1.590887851367808
Sample_PRO1747_PlateH_D1_R1	1739130246	4370011	1718535373	3397046	13802621	1.1842053260454881
Sample_PRO1747_PlateH_D1_R2	1739130246	10934770	1711963393	3508103	13802621	1.5620942170653274
Sample_PRO1747_PlateH_D2_R1	1313158140	5314219	1294514300	2643339	10421890	1.4197711175898433
Sample_PRO1747_PlateH_D2_R2	1313158140	9038391	1290653515	2777106	10421890	1.7137787380276985
Sample_PRO1747_PlateH_D3_R1	1665359892	3974272	1634638449	3559587	13217142	1.8447329701873232
Sample_PRO1747_PlateH_D3_R2	1665359892	9787500	1628795832	3682294	13217142	2.195565065283799
Sample_PRO1747_PlateH_D4_R1	1710213498	4320816	1687986216	3310282	13573123	1.2996787843151498
Sample_PRO1747_PlateH_D4_R2	1710213498	11130779	1681278528	3375306	13573123	1.6918922715694764
Sample_PRO1747_PlateH_D5_R1	13104	50	12975	23	104	0.9844322344322344
Sample_PRO1747_PlateH_D5_R2	13104	168	12854	22	104	1.907814407814408
Sample_PRO1747_PlateH_D6_R1	1284756606	4790604	1268924282	2504822	10196481	1.2323208867781452
Sample_PRO1747_PlateH_D6_R2	1284756606	8170013	1265399620	2636964	10196481	1.5066656135177716
Sample_PRO1747_PlateH_D7_R1	1553387220	7108680	1511800968	3200072	12328470	2.6771336511961263
Sample_PRO1747_PlateH_D7_R2	1553387220	11373706	1507481647	3315155	12328470	2.95519188061815
Sample_PRO1747_PlateH_D8_R1	1413984096	5477534	1388897857	2887085	11222096	1.7741528402593858
Sample_PRO1747_PlateH_D8_R2	1413984096	10514895	1383921199	3025474	11222096	2.1261128102532774
Sample_PRO1747_PlateH_D9_R1	1467724986	4908391	1440353352	2891407	11648611	1.8649020941311414
Sample_PRO1747_PlateH_D9_R2	1467724986	11451799	1434090060	3044463	11648611	2.2916368066789863
Sample_PRO1747_PlateH_E10_R1	1695551256	3883656	1659850446	3717231	13456756	2.1055576983394952
Sample_PRO1747_PlateH_E10_R2	1695551256	11909809	1652115112	3772635	13456756	2.561771214305302
Sample_PRO1747_PlateH_E11_R1	1721664882	4581525	1697682324	3407295	13664007	1.3929864197578492
Sample_PRO1747_PlateH_E11_R2	1721664882	11732060	1690564295	3505066	13664007	1.8064251251887937
Sample_PRO1747_PlateH_E12_R1	1565283006	3782716	1538269353	3341149	12422881	1.725799928604093
Sample_PRO1747_PlateH_E12_R2	1565283006	10595560	1531595506	3443523	12422881	2.1521667245392684
Sample_PRO1747_PlateH_E1_R1	1469038032	4018873	1447469951	2901442	11659032	1.4681771696976733
Sample_PRO1747_PlateH_E1_R2	1469038032	9941080	1441631559	2983785	11659032	1.8656067714385764
Sample_PRO1747_PlateH_E2_R1	1234402848	4713556	1218001857	2564111	9796848	1.328657903420521
Sample_PRO1747_PlateH_E2_R2	1234402848	8963843	1213811081	2693152	9796848	1.6681561480000735
Sample_PRO1747_PlateH_E3_R1	1485010926	6628840	1457433336	3017637	11785801	1.8570631041942918
Sample_PRO1747_PlateH_E3_R2	1485010926	11012645	1453213198	3175274	11785801	2.1412453904059694
Sample_PRO1747_PlateH_E4_R1	1380732444	4777069	1365433435	2564185	10958194	1.1080357433825898
Sample_PRO1747_PlateH_E4_R2	1380732444	8657441	1361483692	2668670	10958194	1.3940971752815565
Sample_PRO1747_PlateH_E5_R1	1553155002	4587750	1526892395	3108894	12326627	1.6909198995709764
Sample_PRO1747_PlateH_E5_R2	1553155002	10257625	1521594387	3191558	12326627	2.032032537599876
Sample_PRO1747_PlateH_E6_R1	1497560652	5827661	1477413639	2907562	11885402	1.345322005695967
Sample_PRO1747_PlateH_E6_R2	1497560652	11786684	1471429944	3038217	11885402	1.7448847874777094
Sample_PRO1747_PlateH_E7_R1	1378696284	5493047	1359864381	2693293	10942034	1.3659210675003168
Sample_PRO1747_PlateH_E7_R2	1378696284	9851316	1355527263	2817969	10942034	1.6805021721520794
Sample_PRO1747_PlateH_E8_R1	1427246604	3782789	1406068687	2861278	11327354	1.4838302603521207
Sample_PRO1747_PlateH_E8_R2	1427246604	11085281	1399050234	3010690	11327354	1.9755780059995856
Sample_PRO1747_PlateH_E9_R1	1359910188	5158341	1341881096	2697928	10792938	1.3257560800037185
Sample_PRO1747_PlateH_E9_R2	1359910188	9251299	1337702524	2853329	10792938	1.6330243126320338
Sample_PRO1747_PlateH_F10_R1	1256514966	4488995	1235480911	2557297	9972341	1.67399955982697
Sample_PRO1747_PlateH_F10_R2	1256514966	8898399	1230881880	2710952	9972341	2.0400143805370323
Sample_PRO1747_PlateH_F11_R1	1520895726	4879162	1497024124	2953067	12070601	1.5695751912448992
Sample_PRO1747_PlateH_F11_R2	1520895726	9981606	1491759245	3086982	12070601	1.9157448141845852
Sample_PRO1747_PlateH_F12_R1	1869617610	1660221	1852141067	3988522	14838235	0.9347656390549295
Sample_PRO1747_PlateH_F12_R2	1869617610	9779517	1844060840	4095576	14838235	1.3669517158645077
Sample_PRO1747_PlateH_F1_R1	914637528	3693739	889445347	2056698	7259028	2.754334939119183
Sample_PRO1747_PlateH_F1_R2	914637528	6967779	886423515	2151462	7259028	3.0847206829239133
Sample_PRO1747_PlateH_F2_R1	875941668	5754239	862809834	1967007	6951918	1.4991676363545248
Sample_PRO1747_PlateH_F2_R2	875941668	9630905	858737928	2146416	6951918	1.9640280430180426
Sample_PRO1747_PlateH_F3_R1	1468884060	4352287	1443778459	2855021	11657810	1.7091615113584935
Sample_PRO1747_PlateH_F3_R2	1468884060	9073956	1439048744	2936836	11657810	2.0311552703485667
Sample_PRO1747_PlateH_F4_R1	1473091578	5073139	1452033947	2866497	11691203	1.429485533315567
Sample_PRO1747_PlateH_F4_R2	1473091578	11231354	1445828683	2974429	11691203	1.850726418313689
Sample_PRO1747_PlateH_F5_R1	1590854076	6221442	1555067073	3350428	12625826	2.249546551119375
Sample_PRO1747_PlateH_F5_R2	1590854076	10864007	1550433811	3443482	12625826	2.540790233987495
Sample_PRO1747_PlateH_F6_R1	1406361474	6656788	1379974901	2540373	11161599	1.876229794958106
Sample_PRO1747_PlateH_F6_R2	1406361474	9376481	1377077717	2654574	11161599	2.082235438141702
Sample_PRO1747_PlateH_F7_R1	1672444368	7233955	1642306925	3480937	13273368	1.8019997302535087
Sample_PRO1747_PlateH_F7_R2	1672444368	12889277	1636442256	3684451	13273368	2.152664249337829
Sample_PRO1747_PlateH_F8_R1	1404344844	4567215	1385975526	2781004	11145594	1.3080347094577292
Sample_PRO1747_PlateH_F8_R2	1404344844	9535330	1381096558	2905157	11145594	1.6554542211855765
Sample_PRO1747_PlateH_F9_R1	1529572590	5709819	1508760249	3055691	12139465	1.3606638309333197
Sample_PRO1747_PlateH_F9_R2	1529572590	10520721	1503920057	3196964	12139465	1.6771046479069032
Sample_PRO1747_PlateH_G10_R1	1287137250	5798658	1255703286	2850723	10215375	2.442161004974411
Sample_PRO1747_PlateH_G10_R2	1287137250	10121392	1251335862	2982191	10215375	2.7814740036464642
Sample_PRO1747_PlateH_G11_R1	1369548054	6254208	1345369854	2730607	10869429	1.7654145051269592
Sample_PRO1747_PlateH_G11_R2	1369548054	10613841	1340794261	2900380	10869429	2.099509609467124
Sample_PRO1747_PlateH_G12_R1	1185296490	2248930	1173623493	2518297	9407115	0.9848166343595601
Sample_PRO1747_PlateH_G12_R2	1185296490	6360099	1169435951	2610322	9407115	1.3381073118675986
Sample_PRO1747_PlateH_G1_R1	68040	107	64608	191	540	5.044091710758377
Sample_PRO1747_PlateH_G1_R2	68040	495	64287	182	540	5.515873015873016
Sample_PRO1747_PlateH_G2_R1	1409275350	6637701	1373762031	3087742	11184725	2.5199702102218704
Sample_PRO1747_PlateH_G2_R2	1409275350	9393562	1370588203	3235066	11184725	2.745180138146885
Sample_PRO1747_PlateH_G3_R1	954325260	3710310	933261451	1942944	7574010	2.2071939078716203
Sample_PRO1747_PlateH_G3_R2	954325260	6848678	930030740	2020054	7574010	2.5457274388817916
Sample_PRO1747_PlateH_G4_R1	1394573544	5020234	1374066989	2698419	11068044	1.4704534650199848
Sample_PRO1747_PlateH_G4_R2	1394573544	9428659	1369602404	2794634	11068044	1.7905932682744194
Sample_PRO1747_PlateH_G5_R1	982084446	6775845	960142674	2053978	7794321	2.2342042061014373
Sample_PRO1747_PlateH_G5_R2	982084446	7466986	958916576	2202344	7794321	2.3590507002083196
Sample_PRO1747_PlateH_G6_R1	715559670	2631413	694161920	1567952	5679045	2.990351594298209
Sample_PRO1747_PlateH_G6_R2	715559670	5353278	691423708	1624687	5679045	3.373018772843919
Sample_PRO1747_PlateH_G7_R1	1516489002	6492229	1493561799	2788770	12035627	1.5118608159876388
Sample_PRO1747_PlateH_G7_R2	1516489002	12409652	1487768239	2961968	12035627	1.8938985355068205
Sample_PRO1747_PlateH_G8_R1	1106793324	5106054	1091285407	2093895	8784074	1.40115743957993
Sample_PRO1747_PlateH_G8_R2	1106793324	7836261	1088483040	2212794	8784074	1.6543543950758417
Sample_PRO1747_PlateH_G9_R1	871519320	2783261	853484637	1762908	6916820	2.0693382907449487
Sample_PRO1747_PlateH_G9_R2	871519320	7266266	849217637	1840183	6916820	2.5589430421347403
Sample_PRO1747_PlateH_H10_R1	1714028778	4256933	1686669430	3469880	13603403	1.5962012045050975
Sample_PRO1747_PlateH_H10_R2	1714028778	11009168	1679955603	3550237	13603403	1.9878998204311362
Sample_PRO1747_PlateH_H11_R1	1600965828	3923511	1572734864	3238958	12706078	1.7633708044391814
Sample_PRO1747_PlateH_H11_R2	1600965828	9393493	1567279384	3341145	12706078	2.104132606133302
Sample_PRO1747_PlateH_H1_R1	1263993318	4186238	1242444187	2534675	10031693	1.7048453257725211
Sample_PRO1747_PlateH_H1_R2	1263993318	8224883	1238343507	2645580	10031693	2.029267926873645
Sample_PRO1747_PlateH_H2_R1	1575745290	4683724	1553671219	3095670	12505915	1.4008654279398163
Sample_PRO1747_PlateH_H2_R2	1575745290	9851070	1548390327	3228455	12505915	1.736001571675331
Sample_PRO1747_PlateH_H3_R1	1056888252	4461399	1029620711	2352484	8388002	2.57998335665103
Sample_PRO1747_PlateH_H3_R2	1056888252	6663151	1027119945	2457213	8388002	2.8165992898178227
Sample_PRO1747_PlateH_H4_R1	1200984246	3482817	1170035057	2697727	9531621	2.57698542700118
Sample_PRO1747_PlateH_H4_R2	1200984246	10532096	1163303682	2790965	9531621	3.1374736284425833
Sample_PRO1747_PlateH_H5_R1	1231328700	5006125	1200120116	2563771	9772450	2.5345453248998417
Sample_PRO1747_PlateH_H5_R2	1231328700	9130403	1195948067	2636264	9772450	2.873370286910392
Sample_PRO1747_PlateH_H6_R1	1011915450	5182180	973981238	2332380	8031075	3.7487531196405786
Sample_PRO1747_PlateH_H6_R2	1011915450	6505512	972192202	2429696	8031075	3.925550104013137
Sample_PRO1747_PlateH_H7_R1	1363184802	7112400	1311414587	3239636	10818927	3.7977400367173404
Sample_PRO1747_PlateH_H7_R2	1363184802	10243261	1308618023	3394859	10818927	4.002889330921399
Sample_PRO1747_PlateH_H8_R1	1467024426	4800215	1417575344	3537289	11643051	3.3707061125647546
Sample_PRO1747_PlateH_H8_R2	1467024426	10184509	1412172122	3659261	11643051	3.7390177714736974
Sample_PRO1747_PlateH_H9_R1	1426063842	6503458	1408071180	2662097	11317967	1.2617010171694685
Sample_PRO1747_PlateH_H9_R2	1426063842	10041581	1404386712	2823771	11317967	1.5200672902272492
